age,age_unit,age_units,age_baby_days,age_corrected,age_in_years,host_age,qiita_host_age
,,,,63.0,,,63.0
20,years,,,,,,20.0
,,,,62.0,,,62.0
,,,,25.0,,,25.0
,,,,,,,1.0
64,,years,,,,,64.0
,,,,7.0,,,7.0
30,years,,,,,,30.0
37,,years,,,,,37.0
,,,,27.0,,,27.0
,,,,62.0,,,62.0
64,years,,,,,,64.0
,,,,35.0,,,35.0
,,,,37.0,,,37.0
,,,,,,,49.0
,,,,48.0,,,48.0
,,,,67.0,,,67.0
,,,,72.0,,,72.0
30,,days,,,,,0.082
,,,,37.0,,,37.0
14.66666667,years,,,,,,14.667
27,years,,,,,,27.0
79,,years,,,,,79.0
,,,,3.0,,,3.0
56.0,years,years,,,,,56.0
11.33333333,years,,,,,,11.333
,,,,23.0,,,23.0
0.08,years,years,,,,,0.08
,,,,47.0,,,47.0
39.02739726027397,,years,,,,,39.027
,,,,,,,1.0
47,,years,,,,,47.0
26,years,years,,,,,26.0
1,,years,,,,,1.0
41,years,,,,,,41.0
,,,,74.0,,,74.0
,,,,63.0,,,63.0
25,years,,,,,,25.0
,,,,46.0,,,46.0
,,,,,,,8.0
,,,,43.0,,,43.0
,,,,38.0,,,38.0
44,years,years,,,,,44.0
,,,,60.0,,,60.0
45,,years,,,,,45.0
0.08,years,years,,,,,0.08
,,,,58.0,,,58.0
31,years,,,,,,31.0
,,,,33.0,,,33.0
21,years,,,,,,21.0
,,,,65.0,,,65.0
,,,,60.0,,,60.0
,,,,88.0,,,88.0
36,,years,,,,,36.0
,,,,71.0,,,71.0
23.0,years,,,,,,23.0
14.58333333,years,,,,,,14.583
,,,,62.0,,,62.0
45,years,years,,,,,45.0
31.0,years,,,,,,31.0
,,,,57.0,,,57.0
1,,years,,,,,1.0
19,years,,,,,,19.0
30,,days,,,,,0.082
,,,,53.0,,,53.0
26,years,years,,,,,26.0
30,,years,,,,,30.0
32.08,years,,,,,,32.08
19,years,,,,,,19.0
1,,years,,,,,1.0
,,,,36.0,,,36.0
,,,,38.0,,,38.0
,,,,25.0,,,25.0
33.48,years,,,,,,33.48
,,,,32.0,,,32.0
35,,years,,,,,35.0
,,,,38.0,,,38.0
,,,,42.0,,,42.0
18,years,,,,,,18.0
66.0,years,years,,,,,66.0
12.08333333,years,,,,,,12.083
,,,,13.0,,,13.0
,,,,59.0,,,59.0
26,years,,,,,,26.0
,,,,64.0,,,64.0
32.49,years,,,,,,32.49
,,,,46.0,,,46.0
21,years,,,,,,21.0
,,,,41.0,,,41.0
10.0,years,,,,,,10.0
14.75,years,,,,,,14.75
,,,,67.0,,,67.0
,,,,39.0,,,39.0
,,,,38.0,,,38.0
31.0,years,,,,,,31.0
25,years,,,,,,25.0
55,,years,,,,,55.0
59,,years,,,,,59.0
,,,,55.0,,,55.0
,,,,46.0,,,46.0
46,years,,,,,,46.0
,,,,40.0,,,40.0
27.0,years,,,,,,27.0
27,years,,,,,,27.0
63,years,,,,,,63.0
22,years,,,,,,22.0
,,,,32.0,,,32.0
37,years,,,,,,37.0
10.75,years,,,,,,10.75
66,years,,,,,,66.0
,,,,63.0,,,63.0
55,years,,,,,,55.0
37,,years,,,,,37.0
,,,,51.0,,,51.0
,,,,36.0,,,36.0
,,,,49.0,,,49.0
,,,,33.0,,,33.0
,,,,23.0,,,23.0
1,,years,,,,,1.0
32.0,years,,,,,,32.0
36,years,years,,,,,36.0
65,years,,,,,,65.0
,,,,80.0,,,80.0
,,,,39.0,,,39.0
58,years,,,,58,,58.0
44,years,,,,,,44.0
13,years,years,,,,,13.0
,,,,40.0,,,40.0
,,,,58.0,,,58.0
16.41666667,years,,,,,,16.417
58,,years,,,,,58.0
,,,,71.0,,,71.0
1,,years,,,,,1.0
,,,,35.0,,,35.0
36,years,,,,,,36.0
33.46,years,,,,,,33.46
,,,,58.0,,,58.0
,,,,25.0,,,25.0
,,,,23.0,,,23.0
15.75,years,,,,,,15.75
24,years,,,,,,24.0
62,,years,,,,,62.0
,,,,60.0,,,60.0
35,,years,,,,,35.0
,,,,,,,4.0
39.652054794520545,,years,,,,,39.652
36,years,,,,,,36.0
,,,,40.0,,,40.0
65,,years,,,,,65.0
,,,,74.0,,,74.0
,,,,65.0,,,65.0
36,,years,,,,,36.0
,,,,33.0,,,33.0
61,,years,,,,,61.0
1,,years,,,,,1.0
,,,,29.0,,,29.0
,,,,6.0,,,6.0
39.673972602739724,,years,,,,,39.674
,,,,48.0,,,48.0
,,,,45.0,,,45.0
,,,,38.0,,,38.0
,,,,73.0,,,73.0
26,years,years,,,,,26.0
23,years,,,,,,23.0
,,,,45.0,,,45.0
31.0,years,,,,,,31.0
30,years,,,,,,30.0
21.0,years,,,,,,21.0
14.08333333,years,,,,,,14.083
26,years,years,,,,,26.0
37.74794520547945,,years,,,,,37.748
16.83333333,years,,,,,,16.833
27,years,,,,,,27.0
45,years,,,,,,45.0
15.0,years,,,,,,15.0
,,,,64.0,,,64.0
20,years,,,,,,20.0
10,years,,,,,,10.0
38.106849315068494,,years,,,,,38.107
,,,,61.0,,,61.0
12.16666667,years,,,,,,12.167
,,,,47.0,,,47.0
32.92,years,,,,,,32.92
15,years,,,,,,15.0
,,,,68.0,,,68.0
,,,,38.0,,,38.0
0.33,years,years,,,,,0.33
,,,,48.0,,,48.0
54,,years,,,,54.0,54.0
50,years,,,,,,50.0
,,,,71.0,,,71.0
37,years,,,,,,37.0
48.0,years,,,,,,48.0
,,,,4.0,,,4.0
58,,years,,,,,58.0
,,,,60.0,,,60.0
,,,,65.0,,,65.0
,,,,7.0,,,7.0
,,,,56.0,,,56.0
,,,,68.0,,,68.0
,,,,67.0,,,67.0
1,,years,,,,,1.0
,,,,27.0,,,27.0
,,,,28.0,,,28.0
,,,,15.0,,,15.0
,,,,26.0,,,26.0
,,,,29.0,,,29.0
,,,,36.0,,,36.0
36,years,years,,,,,36.0
,,,,34.0,,,34.0
33,years,,,,,,33.0
,,,,44.0,,,44.0
71,,years,,,,,71.0
,,,,29.0,,,29.0
,,,,45.0,,,45.0
,,,,72.0,,,72.0
19,years,,,,,,19.0
,,,,33.0,,,33.0
,,,,26.0,,,26.0
,,,,13.0,,,13.0
,,,,69.0,,,69.0
,,,,42.0,,,42.0
,,,,67.0,,,67.0
,,,,74.0,,,74.0
32.63,years,,,,,,32.63
,,,,11.0,,,11.0
,,,,38.0,,,38.0
,,,,48.0,,,48.0
29,,years,,,,,29.0
6,,years,,,,,6.0
1,,years,,,,,1.0
0.05,years,years,,,,,0.05
,,,,53.0,,,53.0
,,,,64.0,,,64.0
,,,,54.0,,,54.0
36,,years,,,,,36.0
,,,,64.0,,,64.0
,,,,46.0,,,46.0
32.92,years,,,,,,32.92
59,years,,,,,,59.0
63,years,,,,,,63.0
58.0,years,years,,,,,58.0
65,,years,,,,,65.0
,,,,65.0,,,65.0
31,years,,,,,,31.0
,,,,52.0,,,52.0
53,years,,,,,,53.0
29,years,,,,,,29.0
,,,,50.0,,,50.0
20,years,,,,,,20.0
26,years,years,,,,,26.0
,,,,50.0,,,50.0
12.16666667,years,,,,,,12.167
56,years,,,,,,56.0
,,,,4.0,,,4.0
22,years,,,,,,22.0
32.49,years,,,,,,32.49
,,,,34.0,,,34.0
,,,,36,,,36.0
15.58333333,years,,,,,,15.583
4.583333333,years,,,,,,4.583
,,,,54.0,,,54.0
,,,,38.0,,,38.0
,,,,69.0,,,69.0
35.0,years,,,,,,35.0
2.02,years,years,,,,,2.02
36,years,years,,,,,36.0
,,,,47.0,,,47.0
,,,,62.0,,,62.0
,,,,42.0,,,42.0
,,,,55.0,,,55.0
,,,,54.0,,,54.0
26,years,,,,,,26.0
,,,,37.0,,,37.0
9.583333332999999,years,,,,,,9.583
20,years,,,,,,20.0
,,,,48.0,,,48.0
7.0,years,,,,,,7.0
30.0,years,,,,,,30.0
16.75,years,,,,,,16.75
365,,days,,,,,1.0
1,,years,,,,,1.0
21.0,years,,,,,,21.0
76,,years,,,,,76.0
22,years,,,,,,22.0
21,years,,,,,,21.0
,,,,14.0,,,14.0
35.0,years,,,,,,35.0
0,,years,,,,,0.0
,,,,37.0,,,37.0
,,,,42.0,,,42.0
,,,,41.0,,,41.0
56,years,,,,56,,56.0
,,,,60.0,,,60.0
20,years,,,,,,20.0
,,,,72.0,,,72.0
,,,,,,,30.0
,,,,53.0,,,53.0
31.0,years,,,,,,31.0
16.91666667,years,,,,,,16.917
0.917,years,years,,,,,0.917
36,,years,,,,,36.0
16.41666667,years,,,,,,16.417
365,,days,,,,,1.0
83,,years,,,,,83.0
15.0,years,,,,,,15.0
,,,,51.0,,,51.0
,,,,62.0,,,62.0
82,,years,,,,,82.0
,,,,16.0,,,16.0
22,years,,,,,,22.0
31,years,,,,31,,31.0
,,,,50.0,,,50.0
,,,,38.0,,,38.0
,,,,68.0,,,68.0
,,,,,,,33.0
60,,years,,,,,60.0
,,,,,,,61.0
,,,,51.0,,,51.0
33.5,years,,,,,,33.5
39.4,,years,,,,,39.4
25,years,,,,,,25.0
,,,,63.0,,,63.0
63.0,years,years,,,,,63.0
,,,,,,,2.0
,,,,41.0,,,41.0
,,,,68.0,,,68.0
,,,,75.0,,,75.0
83,years,,,,,,83.0
,,,,58.0,,,58.0
32,,years,,,,,32.0
9.5,years,,,,,,9.5
68,,years,,,,,68.0
,,,,47.0,,,47.0
,,,,53.0,,,53.0
36,,years,,,,,36.0
,,,,11.0,,,11.0
,,,,62.0,,,62.0
68,,years,,,,,68.0
26,years,years,,,,,26.0
75,,years,,,,,75.0
36,years,,,,,,36.0
,,,,7.0,,,7.0
32.0,years,,,,,,32.0
,,,,35.0,,,35.0
,,,,26.0,,,26.0
,,,,49.0,,,49.0
,,,,64.0,,,64.0
25,years,,,,,,25.0
15.58333333,years,,,,,,15.583
,,,,54.0,,,54.0
36,,years,,,,,36.0
36,years,years,,,,,36.0
,,,,73.0,,,73.0
,,,,53.0,,,53.0
,,,,65.0,,,65.0
,,,,40.0,,,40.0
,,,,34.0,,,34.0
31.0,years,,,,,,31.0
65,,years,,,,,65.0
82,,years,,,,,82.0
,,,,31.0,,,31.0
,,,,56.0,,,56.0
,,,,68.0,,,68.0
,,,,38.0,,,38.0
,,,,45.0,,,45.0
62,,years,,,,,62.0
,,,,33.0,,,33.0
75,years,,,,,,75.0
21,years,,,,,,21.0
60,years,,,,,,60.0
,,,,70.0,,,70.0
14,years,,,,,,14.0
,,,,10.0,,,10.0
7.5,years,,,,,,7.5
,,,,19.0,,,19.0
,,,,39.0,,,39.0
,,,,49.0,,,49.0
,,,,33.0,,,33.0
37.8054794520548,,years,,,,,37.805
,,,,45.0,,,45.0
27.0,years,,,,,,27.0
23,years,,,,,,23.0
,,,,37.0,,,37.0
0,,years,,,,,0.0
,,,,45.0,,,45.0
,,,,14.0,,,14.0
59,,years,,,,,59.0
42,years,,,,,,42.0
21,years,,,,,,21.0
20,years,,,,,,20.0
,,,,34.0,,,34.0
,,,,28.0,,,28.0
,,,,60.0,,,60.0
0.94,years,years,,,,,0.94
39,years,,,,,,39.0
65,,years,,,,,65.0
,,,,25.0,,,25.0
60.0,years,,,,,,60.0
66,years,,,,,,66.0
,,,,47.0,,,47.0
,,,,37.0,,,37.0
,,,,65.0,,,65.0
,,,,37.0,,,37.0
,,,,64.0,,,64.0
80,,years,,,,,80.0
21,years,,,,,,21.0
,,,,34.0,,,34.0
,,,,55.0,,,55.0
,,,,60.0,,,60.0
,,,,51.0,,,51.0
,,,,11.0,,,11.0
20,years,,,,,,20.0
,,,,23.0,,,23.0
,,,,41.0,,,41.0
,,,,,,,28.0
36.0,years,,,,,,36.0
54,,years,,,,,54.0
,,,,67.0,,,67.0
,,,,62.0,,,62.0
40,years,,,,,,40.0
,,,,46.0,,,46.0
35,,years,,,,,35.0
,,,,34.0,,,34.0
12.0,years,,,,,,12.0
7,,days,,,,,0.019
10.5,years,,,,,,10.5
81,,years,,,,,81.0
16.16666667,years,,,,,,16.167
,,,,59.0,,,59.0
,,,,54.0,,,54.0
,,,,29.0,,,29.0
12.08333333,years,,,,,,12.083
37.89041095890411,,years,,,,,37.89
67,,years,,,,,67.0
,,,,20.0,,,20.0
1.3,years,years,,,,,1.3
,,,,43.0,,,43.0
15.16666667,years,,,,,,15.167
63,years,,,,,,63.0
,,,,44.0,,,44.0
,,,,51.0,,,51.0
25,years,,,,,,25.0
,,,,,,,22.0
20,years,,,,,,20.0
,,,,45.0,,,45.0
,,,,66.0,,,66.0
13.25,years,,,,,,13.25
,,,,5.0,,,5.0
,,,,30.0,,,30.0
,,,,64.0,,,64.0
,,,,64.0,,,64.0
,,,,54.0,,,54.0
33.47,years,,,,,,33.47
,,,,37.0,,,37.0
68,years,,,,,,68.0
,,,,59.0,,,59.0
,,,,27.0,,,27.0
,,,,24.0,,,24.0
,,,,20.0,,,20.0
22,years,,,,,,22.0
60,years,,,,,,60.0
,,,,43.0,,,43.0
21,years,,,,,,21.0
71,,years,,,,,71.0
0.25,years,years,,,,,0.25
66,years,,,,,,66.0
,,,,43.0,,,43.0
,,,,69.0,,,69.0
,,,,52.0,,,52.0
27,years,,,,,,27.0
20,years,,,,,,20.0
39.35616438356164,,years,,,,,39.356
16.83333333,years,,,,,,16.833
,,,,34.0,,,34.0
30.0,years,,,,,,30.0
,,,,75.0,,,75.0
2,,years,,,,,2.0
,,,,6.0,,,6.0
,,,,55.0,,,55.0
,,,,28.0,,,28.0
,,,,54.0,,,54.0
39.18082191780822,,years,,,,,39.181
,,,,80.0,,,80.0
11.16666667,years,,,,,,11.167
,,,,5.0,,,5.0
,,,,41.0,,,41.0
27.0,years,,,,,,27.0
,,,,60.0,,,60.0
26,years,years,,,,,26.0
,,,,58.0,,,58.0
,,,,48.0,,,48.0
,,,,,,,12.0
61,,years,,,,,61.0
,,,,41.0,,,41.0
26,years,years,,,,,26.0
1,,years,,,,,1.0
,,,,48.0,,,48.0
61,,years,,,,61.0,61.0
39.843835616438355,,years,,,,,39.844
24.0,years,,,,,,24.0
37,years,,,,,,37.0
20,years,,,,,,20.0
,,,,18.0,,,18.0
,,,,20.0,,,20.0
,,,,30.0,,,30.0
15,years,,,,,,15.0
65,,years,,,,,65.0
,,,,30.0,,,30.0
,,,,51.0,,,51.0
21,years,,,,,,21.0
37.28219178082192,,years,,,,,37.282
,,,,67.0,,,67.0
,,,,52.0,,,52.0
40,years,,,,,,40.0
,,,,32.0,,,32.0
,,,,48.0,,,48.0
,,,,54.0,,,54.0
47,years,,,,,,47.0
39.14520547945205,,years,,,,,39.145
18,years,,,,,,18.0
,,,,62.0,,,62.0
,,,,67.0,,,67.0
,,,,35.0,,,35.0
26,years,years,,,,,26.0
,,,,22.0,,,22.0
26,years,years,,,,,26.0
15.58333333,years,,,,,,15.583
24,years,,,,,,24.0
22,years,,,,,,22.0
63,years,,,,63,,63.0
,,,,35.0,,,35.0
,,,,68.0,,,68.0
14,years,years,,,,,14.0
20,years,,,,,,20.0
,,,,75.0,,,75.0
,,,,59.0,,,59.0
22,years,,,,,,22.0
49,years,years,,,,,49.0
,,,,58.0,,,58.0
29,years,,,,,,29.0
20,years,,,,,,20.0
40,years,,,,,,40.0
47,years,,,,,,47.0
39.56712328767123,,years,,,,,39.567
,,,,55.0,,,55.0
32.01,years,,,,,,32.01
22,years,,,,,,22.0
,,,,17.0,,,17.0
9.916666667000001,years,,,,,,9.917
1,,years,,,,,1.0
31,years,,,,,,31.0
,,,,38.0,,,38.0
,,,,61.0,,,61.0
36,,years,,,,,36.0
50,years,,,,,,50.0
,,,,42.0,,,42.0
,,,,,,,1.0
32.46,years,,,,,,32.46
,,,,45.0,,,45.0
,,,,38.0,,,38.0
,,,,54.0,,,54.0
,,,,34.0,,,34.0
,,,,46.0,,,46.0
55,,years,,,,,55.0
,,,,53.0,,,53.0
0,,years,,,,,0.0
36,,years,,,,,36.0
25,years,,,,,,25.0
,,,,25.0,,,25.0
,,,,55.0,,,55.0
,,,,45.0,,,45.0
33.19,years,,,,,,33.19
,,,,63.0,,,63.0
,,,,70.0,,,70.0
,,,,32.0,,,32.0
27.0,years,,,,,,27.0
60,years,,,,,,60.0
,,,,47.0,,,47.0
9.833333332999999,years,,,,,,9.833
12.58333333,years,,,,,,12.583
35.0,years,years,,,,,35.0
39.66027397260274,,years,,,,,39.66
,,,,73.0,,,73.0
,,,,37.0,,,37.0
,,,,40.0,,,40.0
48.0,years,,,,,,48.0
,,,,,,,2.0
365,,days,,,,,1.0
30.0,years,,,,,,30.0
67.0,years,,,,,,67.0
,,,,38.0,,,38.0
,,,,39.0,,,39.0
,,,,67.0,,,67.0
,,,,38.0,,,38.0
,,,,33.0,,,33.0
,,,,14.0,,,14.0
,,,,51.0,,,51.0
,,,,15.0,,,15.0
,,,,20.0,,,20.0
17,years,,,,,,17.0
30,,days,,,,,0.082
65,,years,,,,,65.0
22,years,,,,,,22.0
,,,,4.0,,,4.0
,,,,52.0,,,52.0
,,,,41.0,,,41.0
,,,,37.0,,,37.0
,,,,55.0,,,55.0
39.224657534246575,,years,,,,,39.225
31.0,years,,,,,,31.0
,,,,41.0,,,41.0
0,,years,,,,,0.0
40,years,,,,,,40.0
,,,,72.0,,,72.0
33,years,,,,,,33.0
27,years,,,,,,27.0
,,,,46.0,,,46.0
37.95616438356164,,years,,,,,37.956
23,years,,,,,,23.0
20,years,,,,,,20.0
57.0,years,years,,,,,57.0
21,years,,,,,,21.0
,,,,65.0,,,65.0
,,,,34.0,,,34.0
3.333333333,years,,,,,,3.333
,,,,46.0,,,46.0
,,,,38.0,,,38.0
,,,,52.0,,,52.0
,,,,37.0,,,37.0
66,years,,,,,,66.0
28.0,years,,,,,,28.0
,,,,67.0,,,67.0
54,years,,,,,,54.0
21,years,,,,,,21.0
,,,,53.0,,,53.0
13.5,years,,,,,,13.5
,,,,34.0,,,34.0
,,,,45.0,,,45.0
,,,,50.0,,,50.0
24.0,years,,,,,,24.0
,,,,46.0,,,46.0
11.33333333,years,,,,,,11.333
,,,,70.0,,,70.0
11.58333333,years,,,,,,11.583
,,,,63.0,,,63.0
,,,,39.0,,,39.0
,,,,50.0,,,50.0
31.0,years,,,,,,31.0
,,,,61.0,,,61.0
39,years,,,,,,39.0
,,,,51.0,,,51.0
,,,,28.0,,,28.0
,,,,5.0,,,5.0
,,,,40.0,,,40.0
20,years,,,,,,20.0
,,,,44.0,,,44.0
9.666666667,years,,,,,,9.667
,,,,35.0,,,35.0
9.416666667000001,years,,,,,,9.417
37.8027397260274,,years,,,,,37.803
,,,,35.0,,,35.0
,,,,49.0,,,49.0
20,years,,,,,,20.0
,,,,53.0,,,53.0
26,years,,,,,,26.0
,,,,69.0,,,69.0
,,,,37.0,,,37.0
,,,,,,,1.0
,,,,68.0,,,68.0
,,,,61.0,,,61.0
39.90684931506849,,years,,,,,39.907
32,years,,,,,,32.0
,,,,46.0,,,46.0
22,years,,,,,,22.0
24,years,,,,,,24.0
,,,,40.0,,,40.0
15.41666667,years,,,,,,15.417
,,,,20.0,,,20.0
26,years,,,,,,26.0
14.5,years,,,,,,14.5
,,,,31.0,,,31.0
,,,,43.0,,,43.0
,,,,49.0,,,49.0
,,,,48.0,,,48.0
30,years,,,,,,30.0
33,years,,,,,,33.0
,,,,37.0,,,37.0
67,,years,,,,,67.0
72,years,,,,,,72.0
,,,,44.0,,,44.0
,,,,49.0,,,49.0
,,,,49.0,,,49.0
,,,,41.0,,,41.0
,,,,33.0,,,33.0
,,,,49.0,,,49.0
12.83333333,years,,,,,,12.833
88.0,years,years,,,,,88.0
,,,,43.0,,,43.0
,,,,35.0,,,35.0
,,,,31.0,,,31.0
46.0,years,,,,,,46.0
26,years,years,,,,,26.0
,,,,64.0,,,64.0
,,,,13.0,,,13.0
1,years,years,,,,,1.0
64,years,,,,,,64.0
,,,,70.0,,,70.0
,,,,11.0,,,11.0
21,years,,,,,,21.0
,,,,35.0,,,35.0
64,,years,,,,,64.0
33,years,,,,,,33.0
,,,,47.0,,,47.0
49,years,,,,,,49.0
,,,,64.0,,,64.0
,,,,60.0,,,60.0
32.0,years,,,,,,32.0
,,,,62.0,,,62.0
,,,,4.0,,,4.0
22,years,,,,,,22.0
,,,,46,,,46.0
33.53,years,,,,,,33.53
,,,,,,,26.0
22,years,,,,,,22.0
33.0,years,,,,,,33.0
15.91666667,years,,,,,,15.917
,,,,68.0,,,68.0
,,,,35.0,,,35.0
,,,,55.0,,,55.0
,,,,37.0,,,37.0
,,,,49.0,,,49.0
,,,,17.0,,,17.0
,,,,60.0,,,60.0
20,years,,,,,,20.0
,,,,52.0,,,52.0
21.0,years,,,,,,21.0
,,,,45.0,,,45.0
,,,,52.0,,,52.0
21,years,,,,,,21.0
,,,,49.0,,,49.0
33,years,,,,,,33.0
12,,years,,,,,12.0
26,years,,,,,,26.0
,,,,32.0,,,32.0
,,,,81.0,,,81.0
,,,,67.0,,,67.0
36,,years,,,,,36.0
63,years,,,,,,63.0
36,,years,,,,,36.0
,,,,39.0,,,39.0
39.61643835616438,,years,,,,,39.616
,,,,29.0,,,29.0
,,,,67.0,,,67.0
50.0,years,,,,,,50.0
,,,,54.0,,,54.0
36,,years,,,,,36.0
53.0,years,,,,,,53.0
,,,,68.0,,,68.0
,,,,29.0,,,29.0
38.90684931506849,,years,,,,,38.907
,,,,27.0,,,27.0
,,,,60.0,,,60.0
32,years,,,,,,32.0
33,years,,,,,,33.0
,,,,55.0,,,55.0
20,,years,,,,,20.0
,,,,19.0,,,19.0
,,,,31.0,,,31.0
,,,,24.0,,,24.0
,,,,52.0,,,52.0
,,,,51.0,,,51.0
32.0,years,,,,,,32.0
,,,,72.0,,,72.0
39.16986301369863,,years,,,,,39.17
,,,,77.0,,,77.0
,,,,69.0,,,69.0
,,,,48.0,,,48.0
6,,years,,,,,6.0
58,,years,,,,,58.0
43,years,,,,,,43.0
,,,,54.0,,,54.0
,,,,56.0,,,56.0
,,,,51.0,,,51.0
,,,,49.0,,,49.0
,,,,,,,2.0
,,,,31.0,,,31.0
,,,,35.0,,,35.0
47,,years,,,,,47.0
,,,,68.0,,,68.0
27,years,,,,,,27.0
,,,,71.0,,,71.0
,,,,64.0,,,64.0
,,,,48.0,,,48.0
,,,,51.0,,,51.0
26,years,,,,,,26.0
,,,,,,,2.0
,,,,43.0,,,43.0
,,,,14.0,,,14.0
,,,,30.0,,,30.0
23.2,years,,,,,,23.2
7,,days,,,,,0.019
,,,,51.0,,,51.0
5,,years,,,,,5.0
37.772602739726025,,years,,,,,37.773
,,,,19.0,,,19.0
,,,,39.0,,,39.0
,,,,23.0,,,23.0
,,,,49.0,,,49.0
,,,,49.0,,,49.0
,,,,13.0,,,13.0
55,,years,,,,,55.0
,,,,56.0,,,56.0
,,,,41.0,,,41.0
,,,,63.0,,,63.0
42,,years,,,,,42.0
1,years,,,,1,,1.0
,,,,30.0,,,30.0
,,,,17.0,,,17.0
,,,,31.0,,,31.0
21,years,,,,,,21.0
1,,years,,,,,1.0
23,years,,,,,,23.0
,,,,74.0,,,74.0
,,,,36.0,,,36.0
37,,years,,,,,37.0
26,years,years,,,,,26.0
,,,,9.0,,,9.0
,,,,32.0,,,32.0
62,,years,,,,,62.0
,,,,51.0,,,51.0
,,,,57.0,,,57.0
68,,years,,,,,68.0
33,years,,,,,,33.0
,,,,65.0,,,65.0
,,,,82.0,,,82.0
26,years,years,,,,,26.0
45,years,years,,,,,45.0
,,,,52.0,,,52.0
,,,,19.0,,,19.0
14.66666667,years,,,,,,14.667
,,,,55.0,,,55.0
,,,,66.0,,,66.0
0.75,years,years,,,,,0.75
,,,,52.0,,,52.0
38.893150684931506,,years,,,,,38.893
,,,,62.0,,,62.0
63,years,,,,,,63.0
,,,,46.0,,,46.0
,,,,83.0,,,83.0
,,,,34.0,,,34.0
,,,,72.0,,,72.0
,,,,47.0,,,47.0
,,,,40.0,,,40.0
58,,years,,,,,58.0
67,years,,,,,,67.0
,,,,6.0,,,6.0
22,years,,,,,,22.0
52,years,,,,,,52.0
,,,,28.0,,,28.0
,,,,70.0,,,70.0
,,,,64.0,,,64.0
20,years,,,,,,20.0
37,,years,,,,,37.0
,,,,69.0,,,69.0
,,,,8.0,,,8.0
36,years,,,,,,36.0
37.463013698630135,,years,,,,,37.463
69,,years,,,,,69.0
20,years,,,,,,20.0
,,,,61.0,,,61.0
26,years,years,,,,,26.0
1,,years,,,,,1.0
,,,,61.0,,,61.0
56,,years,,,,,56.0
,,,,3.0,,,3.0
,,,,34.0,,,34.0
14.91666667,years,,,,,,14.917
,,,,49.0,,,49.0
,,,,67.0,,,67.0
25.0,years,,,,,,25.0
,,,,65.0,,,65.0
0,,years,,,,,0.0
,,,,33.0,,,33.0
,,,,69.0,,,69.0
87,years,,,,,,87.0
20,years,,,,,,20.0
,,,,34.0,,,34.0
,,,,32.0,,,32.0
,,,,6.0,,,6.0
,,,,58.0,,,58.0
36,,years,,,,,36.0
29,years,,,,,,29.0
14,years,years,,,,,14.0
1,,years,,,,,1.0
21,years,,,,,,21.0
59,,years,,,,,59.0
33.01,years,,,,,,33.01
14.33333333,years,,,,,,14.333
,,,,72.0,,,72.0
,,,,73.0,,,73.0
39.8054794520548,,years,,,,,39.805
,,,,69.0,,,69.0
39.15068493150685,,years,,,,,39.151
38.66575342465753,,years,,,,,38.666
24.0,years,,,,,,24.0
45,,years,,,,,45.0
27,years,,,,,,27.0
13.41666667,years,,,,,,13.417
,,,,59.0,,,59.0
,,,,44.0,,,44.0
21,,years,,,,,21.0
,,,,32.0,,,32.0
,,,,56.0,,,56.0
26,years,years,,,,,26.0
,,,,37.0,,,37.0
21,years,,,,,,21.0
,,,,49.0,,,49.0
,,,,58.0,,,58.0
,,,,48.0,,,48.0
54,years,,,,,,54.0
26,years,years,,,,,26.0
39.347945205479455,,years,,,,,39.348
37,years,,,,,,37.0
,,,,34.0,,,34.0
49,years,,,,49,,49.0
11.33333333,years,,,,,,11.333
,,,,41.0,,,41.0
,,,,62.0,,,62.0
38,,years,,,,,38.0
37.326027397260276,,years,,,,,37.326
,,,,,,,10.0
32.0,years,years,,,,,32.0
,,,,,,,2.0
1,,years,,,,,1.0
37.68219178082192,,years,,,,,37.682
29,years,,,,,,29.0
,,,,44.0,,,44.0
47,years,,,,,,47.0
,,,,67.0,,,67.0
26,years,years,,,,,26.0
70,,years,,,,,70.0
,,,,45.0,,,45.0
38.74246575342466,,years,,,,,38.742
39.9972602739726,,years,,,,,39.997
23,years,,,,,,23.0
32.68,years,,,,,,32.68
31,years,,,,,,31.0
21,years,,,,,,21.0
,,,,46.0,,,46.0
,,,,58.0,,,58.0
22,years,,,,,,22.0
31,,years,,,,31.0,31.0
,,,,31.0,,,31.0
,,,,20.0,,,20.0
,,,,65.0,,,65.0
,,,,44.0,,,44.0
,,,,31.0,,,31.0
21,years,,,,,,21.0
21,years,,,,,,21.0
,,,,34.0,,,34.0
,,,,58.0,,,58.0
40.07123287671233,,years,,,,,40.071
,,,,50.0,,,50.0
,,,,42.0,,,42.0
28,years,years,,,,,28.0
,,,,38.0,,,38.0
,,,,17.0,,,17.0
7.25,years,,,,,,7.25
,,,,44.0,,,44.0
31,years,,,,,,31.0
25,years,,,,,,25.0
9.083333332999999,years,,,,,,9.083
30,years,,,,,,30.0
12.33333333,years,,,,,,12.333
25,years,,,,,,25.0
21,years,,,,,,21.0
,,,,62.0,,,62.0
59,years,,,,,,59.0
,,,,21.0,,,21.0
24,years,years,,,,,24.0
41,,years,,,,,41.0
,,,,38.0,,,38.0
,,,,60.0,,,60.0
,,,,33.0,,,33.0
,,,,57.0,,,57.0
24,years,,,,,,24.0
36,,years,,,,,36.0
,,,,68.0,,,68.0
,,,,40.0,,,40.0
2.97,years,,,,,,2.97
,,,,77.0,,,77.0
,,,,35.0,,,35.0
,,,,45.0,,,45.0
64,,years,,,,,64.0
27,years,,,,,,27.0
36,years,years,,,,,36.0
39,,years,,,,,39.0
,,,,57.0,,,57.0
35,years,,,,,,35.0
,,,,67.0,,,67.0
21,years,,,,,,21.0
,,,,53.0,,,53.0
,,,,38.0,,,38.0
,,,,33.0,,,33.0
,,,,54.0,,,54.0
10.33333333,years,,,,,,10.333
,,,,45.0,,,45.0
,,,,42.0,,,42.0
,,,,,,,22.0
,,,,,,,3.0
,,,,68.0,,,68.0
26,years,years,,,,,26.0
21,years,years,,,,,21.0
30,years,years,,,,,30.0
,,,,49.0,,,49.0
,,,,43.0,,,43.0
32.97,years,,,,,,32.97
50.0,years,,,,,,50.0
,,,,49.0,,,49.0
,,,,37.0,,,37.0
0,,years,,,,,0.0
,,,,38.0,,,38.0
30.0,years,,,,,,30.0
,,,,43.0,,,43.0
10.58333333,years,,,,,,10.583
,,,,47.0,,,47.0
,,,,67.0,,,67.0
,,,,45.0,,,45.0
37.989041095890414,,years,,,,,37.989
30,years,,,,,,30.0
,,,,61.0,,,61.0
,,,,26.0,,,26.0
37,,years,,,,,37.0
23,years,,,,,,23.0
23,years,,,,,,23.0
37,,years,,,,,37.0
0,,years,,,,,0.0
33,years,,,,,,33.0
,,,,68.0,,,68.0
,,,,51.0,,,51.0
27.0,years,,,,,,27.0
38.608219178082194,,years,,,,,38.608
,,,,41.0,,,41.0
,,,,42.0,,,42.0
32.12,years,,,,,,32.12
30.0,years,,,,,,30.0
,,,,61.0,,,61.0
,,,,32.0,,,32.0
,,,,58.0,,,58.0
,,,,30.0,,,30.0
,,,,34.0,,,34.0
27.0,years,,,,,,27.0
,,,,54.0,,,54.0
24.0,years,,,,,,24.0
39.53150684931507,,years,,,,,39.532
48,,years,,,,,48.0
38.11780821917808,,years,,,,,38.118
,,,,18.0,,,18.0
,,,,30.0,,,30.0
,,,,38.0,,,38.0
8.833333332999999,years,,,,,,8.833
51,years,years,,,,,51.0
,,,,56.0,,,56.0
20,years,,,,,,20.0
35.0,years,,,,,,35.0
,,,,34.0,,,34.0
63,,years,,,,,63.0
13.75,years,,,,,,13.75
37.90958904109589,,years,,,,,37.91
,,,,65.0,,,65.0
34.0,years,,,,,,34.0
,,,,50.0,,,50.0
16.16666667,years,,,,,,16.167
24.0,days,,24.0,,,,0.066
,,,,61.0,,,61.0
,,,,45.0,,,45.0
,,,,34.0,,,34.0
,,,,52.0,,,52.0
,,,,60.0,,,60.0
71,,years,,,,,71.0
25,years,,,,,,25.0
,,,,36.0,,,36.0
,,,,62.0,,,62.0
,,,,31.0,,,31.0
20,years,,,,,,20.0
,,,,26.0,,,26.0
,,,,27.0,,,27.0
,,,,69.0,,,69.0
,,,,45.0,,,45.0
,,,,28.0,,,28.0
,,,,64.0,,,64.0
,,,,10.0,,,10.0
22,years,,,,,,22.0
37,,years,,,,,37.0
24,years,years,,,,,24.0
,,,,52.0,,,52.0
51,,years,,,,,51.0
,,,,39.0,,,39.0
,,,,70.0,,,70.0
,,,,6.0,,,6.0
42,years,years,,,,,42.0
22,years,,,,,,22.0
51,years,,,,,,51.0
60,years,,,,,,60.0
,,,,70.0,,,70.0
,,,,44.0,,,44.0
21,years,,,,,,21.0
,,,,67.0,,,67.0
,,,,63.0,,,63.0
21,years,,,,,,21.0
,,,,47.0,,,47.0
25,years,,,,,,25.0
,,,,51.0,,,51.0
,,,,51.0,,,51.0
10.5,years,,,,,,10.5
,,,,34.0,,,34.0
60,years,,,,,,60.0
,,,,63.0,,,63.0
,,,,60.0,,,60.0
,,,,65.0,,,65.0
65,,years,,,,,65.0
,,,,40.0,,,40.0
37.95342465753425,,years,,,,,37.953
,,,,20.0,,,20.0
44,years,,,,,,44.0
32.0,years,,,,,,32.0
,,,,34.0,,,34.0
39.05205479452055,,years,,,,,39.052
,,,,23.0,,,23.0
16.83333333,years,,,,,,16.833
,,,,46.0,,,46.0
65,,years,,,,,65.0
,,,,35.0,,,35.0
,,,,54.0,,,54.0
,,,,53.0,,,53.0
23.0,years,,,,,,23.0
,,,,64.0,,,64.0
,,,,27.0,,,27.0
18,years,,,,,,18.0
60,years,,,,,,60.0
,,,,35.0,,,35.0
13.41666667,years,,,,,,13.417
72,years,,,,,,72.0
29,years,,,,,,29.0
,,,,44.0,,,44.0
32,,years,,,,,32.0
1,,years,,,,,1.0
,,,,47.0,,,47.0
38,,years,,,,38.0,38.0
13.91666667,years,,,,,,13.917
,,,,71.0,,,71.0
,,,,22.0,,,22.0
,,,,,,,32.0
67,years,,,,,,67.0
,,,,40.0,,,40.0
66,,years,,,,,66.0
,,,,29.0,,,29.0
,,,,25.0,,,25.0
,,,,67.0,,,67.0
22,years,,,,,,22.0
20,years,,,,,,20.0
1,,years,,,,,1.0
,,,,50.0,,,50.0
27,years,,,,,,27.0
,,,,73.0,,,73.0
,,,,51.0,,,51.0
,,,,35.0,,,35.0
,,,,42.0,,,42.0
9.333333333,years,,,,,,9.333
30,,days,,,,,0.082
26,years,years,,,,,26.0
,,,,53.0,,,53.0
,,,,31.0,,,31.0
1,,years,,,,,1.0
,,,,24.0,,,24.0
13.58333333,years,,,,,,13.583
,,,,5.0,,,5.0
,,,,58.0,,,58.0
37,,years,,,,,37.0
36,years,years,,,,,36.0
,,,,57.0,,,57.0
37.172602739726024,,years,,,,,37.173
,,,,5.0,,,5.0
,,,,48.0,,,48.0
,,,,33.0,,,33.0
,,,,47.0,,,47.0
12.5,years,,,,,,12.5
46.0,years,,,,,,46.0
,,,,52.0,,,52.0
63,,years,,,,,63.0
19,years,,,,,,19.0
32.0,years,,,,,,32.0
,,,,33.0,,,33.0
14.91666667,years,,,,,,14.917
,,,,19.0,,,19.0
21,years,,,,,,21.0
,,,,53.0,,,53.0
68,years,,,,68,,68.0
74.0,years,years,,,,,74.0
61,years,,,,,,61.0
24.0,years,,,,,,24.0
36,years,years,,,,,36.0
,,,,31.0,,,31.0
56,,years,,,,,56.0
,,,,28.0,,,28.0
38.56164383561644,,years,,,,,38.562
57.0,years,years,,,,,57.0
56,years,,,,,,56.0
59,,years,,,,,59.0
,,,,40.0,,,40.0
,,,,53.0,,,53.0
,,,,11.0,,,11.0
,,,,48.0,,,48.0
,,,,34.0,,,34.0
30.0,years,,,,,,30.0
,,,,46.0,,,46.0
,,,,60.0,,,60.0
,,,,60.0,,,60.0
,,,,33.0,,,33.0
36,years,years,,,,,36.0
26,years,years,,,,,26.0
,,,,38.0,,,38.0
56,,years,,,,,56.0
26,,years,,,,,26.0
,,,,52.0,,,52.0
,,,,61.0,,,61.0
34.0,years,,,,,,34.0
68,,years,,,,,68.0
58,,years,,,,,58.0
,,,,33.0,,,33.0
,,,,53.0,,,53.0
,,,,4.0,,,4.0
36,,years,,,,,36.0
,,,,30.0,,,30.0
,,,,60.0,,,60.0
26,years,years,,,,,26.0
55,,years,,,,,55.0
37,,years,,,,,37.0
,,,,20.0,,,20.0
2,,years,,,,,2.0
27.0,years,,,,,,27.0
23,years,,,,,,23.0
1,,years,,,,,1.0
,,,,38.0,,,38.0
55,years,,,,,,55.0
,,,,27.0,,,27.0
,,,,68.0,,,68.0
63,,years,,,,,63.0
32.67,years,,,,,,32.67
53,,years,,,,,53.0
,,,,53.0,,,53.0
7,years,,,,,,7.0
71,,years,,,,,71.0
,,,,,,,2.0
,,,,26.0,,,26.0
2,years,,,,2,,2.0
30,years,,,,,,30.0
,,,,44.0,,,44.0
,,,,9.0,,,9.0
21,years,,,,,,21.0
,,,,27.0,,,27.0
21,,years,,,,,21.0
56,years,,,,,,56.0
,,,,73.0,,,73.0
,,,,37.0,,,37.0
38.70958904109589,,years,,,,,38.71
36,,years,,,,,36.0
,,,,38.0,,,38.0
,,,,6.0,,,6.0
33.05,years,,,,,,33.05
,,,,9.0,,,9.0
,,,,43.0,,,43.0
,,,,6.0,,,6.0
54,,years,,,,,54.0
,,,,44.0,,,44.0
,,,,44.0,,,44.0
,,,,66.0,,,66.0
,,,,4.0,,,4.0
38.0,,years,,,,,38.0
,,,,68.0,,,68.0
,,,,35.0,,,35.0
,,,,33.0,,,33.0
,,,,38.0,,,38.0
,,,,25.0,,,25.0
,,,,42.0,,,42.0
,,,,68.0,,,68.0
64,years,,,,,,64.0
48.0,years,,,,,,48.0
,,,,67.0,,,67.0
26,years,years,,,,,26.0
37.413698630136984,,years,,,,,37.414
,,,,23.0,,,23.0
64,,years,,,,,64.0
32,years,,,,,,32.0
29,years,,,,,,29.0
,,,,20.0,,,20.0
10.66666667,years,,,,,,10.667
52,years,,,,,,52.0
,,,,62.0,,,62.0
,,,,60.0,,,60.0
,,,,25.0,,,25.0
,,,,63.0,,,63.0
31.97,years,,,,,,31.97
,,,,63.0,,,63.0
,,,,69.0,,,69.0
,,,,45.0,,,45.0
,,,,70.0,,,70.0
0.75,years,,,,0.75,,0.75
51,years,,,,,,51.0
,,,,77.0,,,77.0
24,years,,,,,,24.0
64,,years,,,,,64.0
25,years,,,,,,25.0
59,years,,,,,,59.0
,,,,37.0,,,37.0
52,years,,,,,,52.0
,,,,75.0,,,75.0
64,,years,,,,,64.0
8.583333333,years,,,,,,8.583
,,,,55.0,,,55.0
,,,,38.0,,,38.0
,,,,75.0,,,75.0
,,,,40.0,,,40.0
32.0,years,,,,,,32.0
24.0,years,,,,,,24.0
,,,,29.0,,,29.0
,,,,47.0,,,47.0
,,,,24.0,,,24.0
,,,,37.0,,,37.0
,,,,27.0,,,27.0
,,,,47.0,,,47.0
28,years,,,,,,28.0
,,,,48.0,,,48.0
74.0,years,,,,,,74.0
72,,years,,,,,72.0
,,,,67.0,,,67.0
66,years,,,,,,66.0
39.24383561643835,,years,,,,,39.244
,,,,68.0,,,68.0
51,years,,,,,,51.0
,,,,49.0,,,49.0
,,,,57.0,,,57.0
30,years,,,,,,30.0
36,,years,,,,,36.0
26,years,years,,,,,26.0
16.83333333,years,,,,,,16.833
,,,,22.0,,,22.0
,,,,55.0,,,55.0
36,,years,,,,,36.0
21,years,,,,,,21.0
31,,years,,,,,31.0
78,,years,,,,,78.0
,,,,42.0,,,42.0
,,,,53.0,,,53.0
,,,,22.0,,,22.0
,,,,57.0,,,57.0
,,,,60.0,,,60.0
,,,,62.0,,,62.0
,,,,47.0,,,47.0
7,,days,,,,,0.019
,,,,64.0,,,64.0
37.391780821917806,,years,,,,,37.392
,,,,51.0,,,51.0
,,,,20.0,,,20.0
,,,,19.0,,,19.0
37.94794520547945,,years,,,,,37.948
,,,,31.0,,,31.0
55,years,,,,,,55.0
62,,years,,,,,62.0
,,,,68.0,,,68.0
21,years,,,,,,21.0
39.40547945205479,,years,,,,,39.405
,,,,27.0,,,27.0
,,,,70.0,,,70.0
12.83333333,years,,,,,,12.833
,,,,35.0,,,35.0
,,,,61.0,,,61.0
,,,,33.0,,,33.0
64,years,,,,,,64.0
56,years,,,,,,56.0
,,,,39.0,,,39.0
,,,,7.0,,,7.0
,,,,42.0,,,42.0
59,,years,,,,,59.0
70,years,,,,70,,70.0
33,years,years,,,,,33.0
,,,,33.0,,,33.0
,,,,59.0,,,59.0
,,,,26.0,,,26.0
74,,years,,,,,74.0
1,,years,,,,,1.0
,,,,62.0,,,62.0
,,,,31.0,,,31.0
,,,,26.0,,,26.0
,,,,29.0,,,29.0
,,,,68.0,,,68.0
37.78904109589041,,years,,,,,37.789
46,years,,,,,,46.0
71,,years,,,,,71.0
30.0,years,,,,,,30.0
,,,,64.0,,,64.0
1,,years,,,,,1.0
,,,,59.0,,,59.0
32,,years,,,,,32.0
,,,,69.0,,,69.0
37,years,,,,,,37.0
,,,,33.0,,,33.0
,,,,66.0,,,66.0
87,,years,,,,,87.0
23,years,,,,,,23.0
,,,,71.0,,,71.0
,,,,20.0,,,20.0
,,,,3.0,,,3.0
38.02191780821918,,years,,,,,38.022
33.08,years,,,,,,33.08
1,,years,,,,,1.0
,,,,41.0,,,41.0
,,,,34.0,,,34.0
,,,,51.0,,,51.0
,,,,47.0,,,47.0
,,,,59.0,,,59.0
,,,,41.0,,,41.0
,,,,37.0,,,37.0
63,years,,,,,,63.0
,,,,47.0,,,47.0
31,years,,,,,,31.0
,,,,40.0,,,40.0
21,years,,,,,,21.0
,,,,54.0,,,54.0
,,,,40.0,,,40.0
15.75,years,,,,,,15.75
20,years,,,,,,20.0
,,,,25.0,,,25.0
,,,,48.0,,,48.0
,,,,47.0,,,47.0
21,years,,,,,,21.0
,,,,36.0,,,36.0
51,years,,,,,,51.0
365,,days,,,,,1.0
,,,,19.0,,,19.0
,,,,33.0,,,33.0
,,,,,,,73.0
,,,,46.0,,,46.0
11.91666667,years,,,,,,11.917
23.0,years,,,,,,23.0
,,,,55.0,,,55.0
,,,,42.0,,,42.0
64,,years,,,,,64.0
66,years,,,,,,66.0
25,years,,,,,,25.0
,,,,61.0,,,61.0
,,,,72.0,,,72.0
,,,,22.0,,,22.0
,,,,33.0,,,33.0
13.16666667,years,,,,,,13.167
36,,years,,,,,36.0
,,,,62.0,,,62.0
,,,,44.0,,,44.0
18,,years,,,,,18.0
,,,,66.0,,,66.0
20,years,,,,,,20.0
22,years,,,,,,22.0
,,,,40.0,,,40.0
,,,,68.0,,,68.0
13,years,years,,,,,13.0
,,,,49.0,,,49.0
37.79178082191781,,years,,,,,37.792
7,,days,,,,,0.019
,,,,35.0,,,35.0
,,,,19.0,,,19.0
,,,,31.0,,,31.0
64,,years,,,,,64.0
70,,years,,,,,70.0
37,,years,,,,,37.0
,,,,21.0,,,21.0
,,,,45.0,,,45.0
,,,,37.0,,,37.0
33.44,years,,,,,,33.44
,,,,55.0,,,55.0
1,,years,,,,,1.0
1,,years,,,,,1.0
,,,,63.0,,,63.0
1,,years,,,,,1.0
22,years,,,,,,22.0
,,,,47.0,,,47.0
36,,years,,,,,36.0
24.0,years,,,,,,24.0
,,,,,,,53.0
,,,,42.0,,,42.0
18,years,,,,,,18.0
57,,years,,,,57.0,57.0
,,,,39.0,,,39.0
43.0,years,,,,,,43.0
,,,,51.0,,,51.0
51,years,,,,,,51.0
2.734246575342466,,years,,,,,2.734
,,,,55.0,,,55.0
,,,,62.0,,,62.0
,,,,28.0,,,28.0
52.0,years,,,,,,52.0
,,,,9.0,,,9.0
,,,,29.0,,,29.0
15.75,years,,,,,,15.75
,,,,35.0,,,35.0
,,,,15.0,,,15.0
64,,years,,,,,64.0
15.58333333,years,,,,,,15.583
46.0,years,,,,,,46.0
,,,,7.0,,,7.0
9.25,years,,,,,,9.25
,,,,31.0,,,31.0
,,,,54.0,,,54.0
,,,,72.0,,,72.0
,,,,34.0,,,34.0
,,,,54.0,,,54.0
,,,,54.0,,,54.0
,,,,62.0,,,62.0
15.5,years,,,,,,15.5
1,,years,,,,,1.0
25,years,,,,,,25.0
,,,,34.0,,,34.0
26,,years,,,,,26.0
0,,years,,,,,0.0
,,,,63.0,,,63.0
14.16666667,years,,,,,,14.167
55,,years,,,,,55.0
59,,years,,,,,59.0
40,,years,,,,,40.0
4.916666667,years,,,,,,4.917
,,,,44.0,,,44.0
48.0,years,,,,,,48.0
,,,,27.0,,,27.0
16.0,years,,,,,,16.0
33.06,years,,,,,,33.06
37,,years,,,,,37.0
,,,,68.0,,,68.0
,,,,50.0,,,50.0
,,,,57.0,,,57.0
36,years,,,,,,36.0
,,,,62.0,,,62.0
52.0,years,years,,,,,52.0
,,,,62.0,,,62.0
21,years,,,,,,21.0
,,,,58.0,,,58.0
,,,,35.0,,,35.0
,,,,63.0,,,63.0
,,,,47.0,,,47.0
,,,,28.0,,,28.0
70,,years,,,,,70.0
,,,,45.0,,,45.0
56,,years,,,,,56.0
,,,,32.0,,,32.0
,,,,35.0,,,35.0
,,,,46.0,,,46.0
,,,,71.0,,,71.0
,,,,76.0,,,76.0
,,,,53.0,,,53.0
57,,years,,,,57.0,57.0
,,,,46.0,,,46.0
,,,,55.0,,,55.0
,,,,26.0,,,26.0
16.41666667,years,,,,,,16.417
21,years,,,,,,21.0
3,,years,,,,,3.0
,,,,33.0,,,33.0
39.94794520547945,,years,,,,,39.948
61,years,,,,,,61.0
24.0,years,,,,,,24.0
,,,,72.0,,,72.0
39.42465753424658,,years,,,,,39.425
,,,,62.0,,,62.0
,,,,19.0,,,19.0
63,years,,,,,,63.0
,,,,28.0,,,28.0
,,,,48.0,,,48.0
10.83333333,years,,,,,,10.833
,,,,36.0,,,36.0
9.083333333,years,,,,,,9.083
,,,,47.0,,,47.0
24.0,years,,,,,,24.0
63,years,,,,,,63.0
,,,,54.0,,,54.0
21,years,,,,,,21.0
,,,,59.0,,,59.0
,,,,,,,54.0
39.46027397260274,,years,,,,,39.46
36.0,years,,,,,,36.0
2,,years,,,,,2.0
24.0,years,,,,,,24.0
,,,,47.0,,,47.0
,,,,33.0,,,33.0
42,,years,,,,,42.0
59,years,,,,,,59.0
22,years,,,,,,22.0
56,years,,,,,,56.0
12.5,years,,,,,,12.5
,,,,32.0,,,32.0
38.635616438356166,,years,,,,,38.636
,,,,57.0,,,57.0
48.0,years,,,,,,48.0
,,,,5.0,,,5.0
,,,,32.0,,,32.0
26,years,years,,,,,26.0
,,,,24.0,,,24.0
,,,,56.0,,,56.0
1,,years,,,,,1.0
,,,,46.0,,,46.0
56,,years,,,,,56.0
4.833333333,years,,,,,,4.833
1,,years,,,,,1.0
,,,,40.0,,,40.0
38,years,years,,,,,38.0
30,years,,,,,,30.0
,,,,57.0,,,57.0
58,years,,,,,,58.0
,,,,69.0,,,69.0
28,years,,,,,,28.0
,,,,45.0,,,45.0
48,,years,,,,,48.0
32,years,,,,,,32.0
0.417,years,years,,,,,0.417
195,days,days,,,,,0.534
,,,,70.0,,,70.0
,,,,37.0,,,37.0
,,,,,,,1.0
,,,,55.0,,,55.0
,,,,53.0,,,53.0
,,,,53.0,,,53.0
,,,,30.0,,,30.0
35,,years,,,,,35.0
67,,years,,,,,67.0
,,,,56.0,,,56.0
1,,years,,,,,1.0
36,years,,,,,,36.0
,,,,69.0,,,69.0
37.30958904109589,,years,,,,,37.31
,,,,29.0,,,29.0
24.0,years,,,,,,24.0
43,years,years,,,,,43.0
71,,years,,,,,71.0
37.74246575342466,,years,,,,,37.742
10,years,,,,,,10.0
,,,,47.0,,,47.0
15,years,years,,,,,15.0
,,,,58.0,,,58.0
,,,,68.0,,,68.0
,,,,71.0,,,71.0
21,years,,,,,,21.0
79,,years,,,,,79.0
80.0,years,,,,,,80.0
13.83333333,years,,,,,,13.833
36,,years,,,,,36.0
,,,,,,,1.0
21.0,years,,,,,,21.0
51,years,,,,,,51.0
,,,,59.0,,,59.0
1,,years,,,,,1.0
,,,,50.0,,,50.0
38.68493150684932,,years,,,,,38.685
0,,years,,,,,0.0
,,,,50.0,,,50.0
22,years,,,,,,22.0
,,,,,,,2.0
,,,,69.0,,,69.0
0,,years,,,,,0.0
,,,,,,,1.0
,,,,66.0,,,66.0
9.166666667000001,years,,,,,,9.167
,,,,34.0,,,34.0
,,,,62.0,,,62.0
,,,,74.0,,,74.0
63,years,,,,,,63.0
,,,,32.0,,,32.0
,,,,26.0,,,26.0
,,,,60.0,,,60.0
39.15890410958904,,years,,,,,39.159
27.0,years,,,,,,27.0
,,,,21.0,,,21.0
37,,years,,,,,37.0
,,,,78.0,,,78.0
36,,years,,,,,36.0
,,,,25.0,,,25.0
26,years,,,,,,26.0
,,,,75.0,,,75.0
,,,,67.0,,,67.0
,,,,57.0,,,57.0
28,,years,,,,28.0,28.0
64,,years,,,,,64.0
35,,years,,,,,35.0
,,,,48.0,,,48.0
,,,,5.0,,,5.0
15.16666667,years,,,,,,15.167
0,,years,,,,,0.0
,,,,44.0,,,44.0
20,years,,,,,,20.0
46.7,years,,,,,,46.7
,,,,26.0,,,26.0
,,,,39.0,,,39.0
,,,,27.0,,,27.0
,,,,59.0,,,59.0
,,,,30.0,,,30.0
,,,,61.0,,,61.0
,,,,61.0,,,61.0
,,,,5.0,,,5.0
,,,,5.0,,,5.0
,,,,68.0,,,68.0
26,years,years,,,,,26.0
,,,,53.0,,,53.0
20,years,,,,,,20.0
70,,years,,,,,70.0
,,,,74.0,,,74.0
85,years,,,,,,85.0
,,,,35.0,,,35.0
,,,,44.0,,,44.0
71,years,,,,,,71.0
15,years,,,,15,,15.0
37.868493150684934,,years,,,,,37.868
54.0,years,,,,,,54.0
,,,,63.0,,,63.0
,,,,5.0,,,5.0
32.06,years,,,,,,32.06
26,years,,,,,,26.0
16.91666667,years,,,,,,16.917
,,,,91.0,,,91.0
1,,years,,,,,1.0
,,,,71.0,,,71.0
63.0,years,years,,,,,63.0
,,,,76.0,,,76.0
11,years,years,,,,,11.0
,,,,47.0,,,47.0
26,years,years,,,,,26.0
,,,,31.0,,,31.0
29,years,,,,,,29.0
65,years,,,,65,,65.0
50.0,years,,,,,,50.0
,,,,62.0,,,62.0
,,,,10.0,,,10.0
,,,,57.0,,,57.0
,,,,,,,2.0
,,,,69.0,,,69.0
,,,,57.0,,,57.0
74,,years,,,,,74.0
32,years,,,,,,32.0
,,,,,,,5.0
26,years,years,,,,,26.0
,,,,37.0,,,37.0
,,,,67.0,,,67.0
,,,,41.0,,,41.0
21,years,,,,,,21.0
36,,years,,,,,36.0
,,,,34.0,,,34.0
58,,years,,,,,58.0
,,,,48.0,,,48.0
,,,,69.0,,,69.0
23,years,,,,,,23.0
38.676712328767124,,years,,,,,38.677
29.0,years,,,,,,29.0
66,years,,,,,,66.0
69,,years,,,,,69.0
20,years,,,,,,20.0
74,,years,,,,,74.0
4.5,years,years,,,,,4.5
38.90958904109589,,years,,,,,38.91
,,,,43.0,,,43.0
70,,years,,,,,70.0
,,,,30.0,,,30.0
91,years,,,,,,91.0
,,,,26.0,,,26.0
,,,,25.0,,,25.0
,,,,43.0,,,43.0
,,,,40.0,,,40.0
46.0,years,,,,,,46.0
12.91666667,years,,,,,,12.917
,,,,48.0,,,48.0
,,,,39.0,,,39.0
,,,,37.0,,,37.0
,,,,32.0,,,32.0
,,,,53.0,,,53.0
,,,,,,,5.0
,,,,57.0,,,57.0
,,,,39.0,,,39.0
20,years,,,,,,20.0
,,,,27.0,,,27.0
,,,,56.0,,,56.0
,,,,37.0,,,37.0
,,,,42.0,,,42.0
,,,,68.0,,,68.0
,,,,19.0,,,19.0
29.0,years,,,,,,29.0
2.682191780821918,,years,,,,,2.682
,,,,25.0,,,25.0
,,,,49.0,,,49.0
22,years,,,,,,22.0
67,,years,,,,,67.0
37.31506849315068,,years,,,,,37.315
,,,,58.0,,,58.0
11.91666667,years,,,,,,11.917
,,,,43.0,,,43.0
,,,,39.0,,,39.0
36,,years,,,,,36.0
,,,,48.0,,,48.0
,,,,46.0,,,46.0
44,years,,,,,,44.0
,,,,41.0,,,41.0
,,,,40.0,,,40.0
,,,,9.0,,,9.0
23,,years,,,,23.0,23.0
37.90958904109589,,years,,,,,37.91
20,years,,,,,,20.0
,,,,72.0,,,72.0
61,years,,,,,,61.0
55,,years,,,,,55.0
,,,,67.0,,,67.0
,,,,51.0,,,51.0
49,years,,,,,,49.0
,,,,63.0,,,63.0
,,,,44.0,,,44.0
,,,,2.0,,,2.0
4.5,years,,,,,,4.5
,,,,43.0,,,43.0
68,years,,,,,,68.0
,,,,26.0,,,26.0
,,,,65.0,,,65.0
45,,years,,,,,45.0
,,,,79.0,,,79.0
65,,years,,,,,65.0
,,,,46.0,,,46.0
2.484931506849315,,years,,,,,2.485
,,,,13.0,,,13.0
6.5,years,,,,,,6.5
31,years,,,,,,31.0
,,,,36.0,,,36.0
,,,,33.0,,,33.0
63,,years,,,,,63.0
,,,,35.0,,,35.0
,,,,35.0,,,35.0
23.0,years,,,,,,23.0
59,years,,,,,,59.0
,,,,43.0,,,43.0
19,years,,,,,,19.0
37.2,,years,,,,,37.2
2.5671232876712327,,years,,,,,2.567
,,,,62.0,,,62.0
,,,,55.0,,,55.0
4,years,,,,,,4.0
33.0,years,,,,,,33.0
15.5,years,,,,,,15.5
,,,,63.0,,,63.0
,,,,25.0,,,25.0
54.0,years,,,,,,54.0
33,years,,,,,,33.0
51,years,,,,,,51.0
,,,,11.0,,,11.0
21,years,,,,,,21.0
45,years,,,,,,45.0
35,,years,,,,,35.0
33.47,years,,,,,,33.47
46.0,years,,,,,,46.0
20,years,,,,,,20.0
,,,,68.0,,,68.0
0.5,years,years,,,,,0.5
,,,,,,,1.0
67,,years,,,,,67.0
30.0,years,,,,,,30.0
,,,,58.0,,,58.0
,,,,35.0,,,35.0
,,,,66.0,,,66.0
,,,,61.0,,,61.0
14,years,years,,,,,14.0
,,,,45.0,,,45.0
36,years,years,,,,,36.0
61.0,years,years,,,,,61.0
,,,,30.0,,,30.0
11.5,years,,,,,,11.5
,,,,44.0,,,44.0
,,,,62.0,,,62.0
,,,,50.0,,,50.0
,,,,64.0,,,64.0
36,,years,,,,,36.0
,,,,26.0,,,26.0
56,,years,,,,,56.0
28.0,years,,,,,,28.0
,,,,17.0,,,17.0
20,years,,,,,,20.0
,,,,46.0,,,46.0
,,,,59.0,,,59.0
23.0,years,,,,,,23.0
4,years,years,,,,,4.0
51,years,,,,,,51.0
18,years,,,,,,18.0
33.56,years,,,,,,33.56
,,,,46.0,,,46.0
30,years,,,,,,30.0
36,years,years,,,,,36.0
,,,,53.0,,,53.0
44,years,,,,,,44.0
,,,,51.0,,,51.0
,,,,30.0,,,30.0
,,,,51.0,,,51.0
51,,years,,,,,51.0
1,,years,,,,,1.0
0.76,years,years,,,,,0.76
,,,,,,,3.0
,,,,23.0,,,23.0
,,,,,,,2.0
,,,,69.0,,,69.0
38.06575342465754,,years,,,,,38.066
,,,,26.0,,,26.0
12.5,years,,,,,,12.5
36,years,years,,,,,36.0
,,,,,,,72.0
30.0,years,,,,,,30.0
,,,,38.0,,,38.0
26,years,,,,,,26.0
13.41666667,years,,,,,,13.417
53,years,,,,,,53.0
,,,,72.0,,,72.0
,,,,21.0,,,21.0
,,,,42.0,,,42.0
67,years,,,,,,67.0
31,years,,,,,,31.0
,,,,36.0,,,36.0
36,,years,,,,,36.0
,,,,46.0,,,46.0
,,,,15.0,,,15.0
,,,,76.0,,,76.0
,,,,61.0,,,61.0
,,,,48.0,,,48.0
,,,,44.0,,,44.0
36,years,years,,,,,36.0
32,years,,,,,,32.0
11,years,years,,,,,11.0
55.0,years,,,,,,55.0
58,,years,,,,58.0,58.0
60,years,,,,,,60.0
,,,,28.0,,,28.0
58,,years,,,,,58.0
37.57808219178082,,years,,,,,37.578
,,,,37.0,,,37.0
,,,,44.0,,,44.0
,,,,34.0,,,34.0
,,,,12.0,,,12.0
2,,years,,,,,2.0
15,years,,,,,,15.0
78,years,,,,,,78.0
21,years,,,,,,21.0
,,,,61.0,,,61.0
,,,,71.0,,,71.0
35.0,years,,,,,,35.0
,,,,49.0,,,49.0
54,years,,,,,,54.0
32.73,years,,,,,,32.73
27,years,,,,,,27.0
39.2,,years,,,,,39.2
,,,,39.0,,,39.0
,,,,18.0,,,18.0
,,,,70.0,,,70.0
,,,,36.0,,,36.0
1.7,years,years,,,,,1.7
,,,,65.0,,,65.0
31,years,,,,,,31.0
53,years,,,,,,53.0
32.0,years,,,,,,32.0
,,,,31.0,,,31.0
,,,,65.0,,,65.0
38.64657534246575,,years,,,,,38.647
,,,,49.0,,,49.0
,,,,51.0,,,51.0
,,,,65.0,,,65.0
,,,,51.0,,,51.0
,,,,59.0,,,59.0
77,years,,,,,,77.0
35.0,years,,,,,,35.0
81,years,,,,,,81.0
55,years,,,,,,55.0
65,years,,,,,,65.0
,,,,26.0,,,26.0
32,,years,,,,,32.0
,,,,45.0,,,45.0
,,,,69.0,,,69.0
26,years,years,,,,,26.0
,,,,52.0,,,52.0
,,,,39.0,,,39.0
22,years,,,,,,22.0
,,,,44.0,,,44.0
20,years,,,,,,20.0
,,,,59.0,,,59.0
75,,years,,,,,75.0
,,,,45.0,,,45.0
,,,,69.0,,,69.0
,,,,77.0,,,77.0
21,years,,,,,,21.0
48,,years,,,,,48.0
21,years,,,,,,21.0
10.41666667,years,,,,,,10.417
,,,,33.0,,,33.0
67,,years,,,,,67.0
60,,years,,,,,60.0
22,years,,,,,,22.0
22,years,,,,,,22.0
,,,,67.0,,,67.0
,,,,63.0,,,63.0
,,,,60.0,,,60.0
,,,,52.0,,,52.0
59,years,,,,,,59.0
,,,,32.0,,,32.0
,,,,49.0,,,49.0
,,,,42.0,,,42.0
18,,years,,,,,18.0
,,,,7.0,,,7.0
,,,,38.0,,,38.0
,,,,36.0,,,36.0
,,,,45.0,,,45.0
64,,years,,,,,64.0
,,,,71.0,,,71.0
,,,,53.0,,,53.0
,,,,49.0,,,49.0
,,,,52.0,,,52.0
,,,,,,,59.0
11.58333333,years,,,,,,11.583
24,years,,,,,,24.0
33,years,,,,,,33.0
56.0,years,years,,,,,56.0
,,,,29.0,,,29.0
,,,,68.0,,,68.0
1,,years,,,,,1.0
,,,,63.0,,,63.0
32.0,years,,,,,,32.0
26,years,,,,,,26.0
24,years,,,,,,24.0
57,,years,,,,,57.0
63,,years,,,,,63.0
,,,,50.0,,,50.0
,,,,67.0,,,67.0
,,,,,,,3.0
,,,,64.0,,,64.0
0,,years,,,,,0.0
,,,,71.0,,,71.0
1,,years,,,,,1.0
37.5013698630137,,years,,,,,37.501
,,,,52.0,,,52.0
23.0,years,,,,,,23.0
54,years,,,,,,54.0
36,years,years,,,,,36.0
37,,years,,,,,37.0
38,,years,,,,,38.0
85,years,,,,,,85.0
,,,,40.0,,,40.0
,,,,51.0,,,51.0
,,,,65.0,,,65.0
,,,,68.0,,,68.0
22,years,,,,,,22.0
,,,,53.0,,,53.0
,,,,69.0,,,69.0
,,,,57.0,,,57.0
,,,,47.0,,,47.0
23.0,years,,,,,,23.0
63,,years,,,,,63.0
92,days,days,,,,,0.252
37,,years,,,,,37.0
82.0,years,,,,,,82.0
,,,,18.0,,,18.0
,,,,18.0,,,18.0
,,,,53.0,,,53.0
,,,,58.0,,,58.0
,,,,41.0,,,41.0
,,,,43.0,,,43.0
22,years,,,,,,22.0
22,,years,,,,,22.0
33.36,years,,,,,,33.36
60,years,,,,,,60.0
54.0,years,,,,,,54.0
50,,years,,,,,50.0
,,,,28.0,,,28.0
,,,,62.0,,,62.0
,,,,49.0,,,49.0
33,years,,,,,,33.0
26,years,years,,,,,26.0
49,years,,,,,,49.0
,,,,43.0,,,43.0
,,,,50.0,,,50.0
,,,,35.0,,,35.0
69,years,,,,,,69.0
53.0,years,,,,,,53.0
,,,,25.0,,,25.0
,,,,63.0,,,63.0
38.0,years,,,,,,38.0
,,,,66.0,,,66.0
20,years,years,,,,,20.0
26,years,,,,,,26.0
40,years,years,,,,,40.0
7,,days,,,,,0.019
,,,,16.0,,,16.0
39.964383561643835,,years,,,,,39.964
,,,,30.0,,,30.0
24,years,,,,,,24.0
67,,years,,,,,67.0
30.0,years,,,,,,30.0
6.916666667,years,,,,,,6.917
,,,,40.0,,,40.0
,,,,56.0,,,56.0
,,,,57.0,,,57.0
,,,,40.0,,,40.0
,,,,53.0,,,53.0
8.416666667000001,years,,,,,,8.417
32.62,years,,,,,,32.62
,,,,31.0,,,31.0
,,,,49.0,,,49.0
60,years,,,,,,60.0
,,,,54.0,,,54.0
,,,,66.0,,,66.0
,,,,50.0,,,50.0
18,years,,,,,,18.0
14,,years,,,,,14.0
,,,,60.0,,,60.0
,,,,32.0,,,32.0
,,,,52.0,,,52.0
46.0,years,,,,,,46.0
,,,,40.0,,,40.0
,,,,3.0,,,3.0
22,years,,,,,,22.0
,,,,,,,1.0
44,,years,,,,,44.0
,,,,20.0,,,20.0
,,,,48.0,,,48.0
,,,,66.0,,,66.0
50.0,years,,,,,,50.0
8,,years,,,,,8.0
40.2,,years,,,,,40.2
19,years,,,,,,19.0
23,years,,,,,,23.0
10.33333333,years,,,,,,10.333
3,,years,,,,,3.0
23,years,,,,,,23.0
32.1,years,,,,,,32.1
21,years,,,,,,21.0
,,,,13.0,,,13.0
9.083333333,years,,,,,,9.083
,,,,28.0,,,28.0
,,,,44.0,,,44.0
0,,years,,,,,0.0
13.08333333,years,,,,,,13.083
23,years,,,,,,23.0
37,,years,,,,,37.0
27,years,,,,,,27.0
61,years,,,,,,61.0
81,,years,,,,,81.0
27,years,,,,,,27.0
,,,,67.0,,,67.0
,,,,40.0,,,40.0
,,,,41.0,,,41.0
36,,years,,,,,36.0
,,,,32.0,,,32.0
,,,,12.0,,,12.0
24,years,,,,,,24.0
24,years,,,,,,24.0
,,,,32.0,,,32.0
39.57534246575342,,years,,,,,39.575
,,,,74.0,,,74.0
,,,,67.0,,,67.0
,,,,50.0,,,50.0
63.0,years,,,,,,63.0
77,,years,,,,,77.0
,,,,42.0,,,42.0
23,years,,,,,,23.0
,,,,57.0,,,57.0
23.0,years,,,,,,23.0
,,,,33.0,,,33.0
,,,,60.0,,,60.0
44,,years,,,,,44.0
,,,,35.0,,,35.0
32.85,years,,,,,,32.85
,,,,58.0,,,58.0
,,,,43.0,,,43.0
,,,,29.0,,,29.0
39.863013698630134,,years,,,,,39.863
75.0,years,years,,,,,75.0
46,years,,,,46,,46.0
7,,days,,,,,0.019
,,,,48.0,,,48.0
1,,years,,,,,1.0
70,,years,,,,,70.0
26,years,years,,,,,26.0
,,,,36.0,,,36.0
37.726027397260275,,years,,,,,37.726
,,,,34.0,,,34.0
,,,,54.0,,,54.0
22,years,,,,,,22.0
,,,,50.0,,,50.0
26,years,years,,,,,26.0
,,,,24.0,,,24.0
,,,,53.0,,,53.0
,,,,53.0,,,53.0
,,,,62.0,,,62.0
,,,,50.0,,,50.0
,,,,29.0,,,29.0
,,,,57.0,,,57.0
,,,,53.0,,,53.0
67,,years,,,,,67.0
55,,years,,,,,55.0
,,,,4.0,,,4.0
32.33,years,,,,,,32.33
23,years,,,,,,23.0
,,,,58.0,,,58.0
38.15068493150685,,years,,,,,38.151
,,,,46.0,,,46.0
15.83333333,years,,,,,,15.833
20,years,,,,,,20.0
37.94794520547945,,years,,,,,37.948
44,,years,,,,,44.0
,,,,58.0,,,58.0
6,,years,,,,,6.0
60,years,,,,,,60.0
,,,,46.0,,,46.0
59,,years,,,,,59.0
23.0,years,,,,,,23.0
,,,,55.0,,,55.0
,,,,57.0,,,57.0
,,,,61.0,,,61.0
,,,,39.0,,,39.0
,,,,35.0,,,35.0
,,,,60.0,,,60.0
47.3,years,,,,,,47.3
31.0,years,,,,,,31.0
,,,,51.0,,,51.0
,,,,35.0,,,35.0
,,,,53.0,,,53.0
,,,,51.0,,,51.0
1,,years,,,,,1.0
13,,years,,,,,13.0
32.32,years,,,,,,32.32
,,,,68.0,,,68.0
26,years,years,,,,,26.0
26,years,years,,,,,26.0
,,,,66.0,,,66.0
70,,years,,,,,70.0
,,,,40.0,,,40.0
,,,,45.0,,,45.0
27.0,years,,,,,,27.0
,,,,47.0,,,47.0
,,,,24.0,,,24.0
18,years,years,,,,,18.0
,,,,74.0,,,74.0
1,,years,,,,,1.0
,,,,72.0,,,72.0
,,,,41.0,,,41.0
57,years,years,,,,,57.0
33,years,,,,,,33.0
20,years,,,,,,20.0
,,,,21.0,,,21.0
33,years,,,,,,33.0
36,,years,,,,,36.0
57.0,years,,,,,,57.0
36,,years,,,,,36.0
,,,,60.0,,,60.0
63,,years,,,,,63.0
,,,,61.0,,,61.0
,,,,50.0,,,50.0
,,,,28.0,,,28.0
,,,,36.0,,,36.0
61,years,,,,,,61.0
51,years,,,,,,51.0
,,,,34.0,,,34.0
,,,,53.0,,,53.0
,,,,4.0,,,4.0
23.0,years,,,,,,23.0
,,,,58.0,,,58.0
,,,,,,,5.0
,,,,40.0,,,40.0
,,,,57.0,,,57.0
,,,,33.0,,,33.0
26,years,years,,,,,26.0
50,years,,,,,,50.0
,,,,61.0,,,61.0
,,,,41.0,,,41.0
,,,,35.0,,,35.0
26,years,years,,,,,26.0
,,,,5.0,,,5.0
24.0,years,,,,,,24.0
,,,,48.0,,,48.0
,,,,68.0,,,68.0
,,,,59.0,,,59.0
,,,,48.0,,,48.0
,,,,54.0,,,54.0
,,,,61.0,,,61.0
54,years,,,,,,54.0
71.0,years,years,,,,,71.0
,,,,67.0,,,67.0
,,,,64.0,,,64.0
,,,,66.0,,,66.0
30,years,years,,,,,30.0
,,,,12.0,,,12.0
,,,,64.0,,,64.0
,,,,67.0,,,67.0
,,,,37.0,,,37.0
,,,,43.0,,,43.0
,,,,65.0,,,65.0
28,years,,,,,,28.0
15.08333333,years,,,,,,15.083
,,,,72.0,,,72.0
31,years,,,,,,31.0
,,,,22.0,,,22.0
54,years,,,,,,54.0
,,,,33.0,,,33.0
,,,,36.0,,,36.0
,,,,37.0,,,37.0
30,years,,,,,,30.0
35,,years,,,,,35.0
,,,,44.0,,,44.0
20,years,,,,,,20.0
,,,,43.0,,,43.0
,,,,37.0,,,37.0
,,,,48.0,,,48.0
,,,,28.0,,,28.0
,,,,75.0,,,75.0
26,years,years,,,,,26.0
,,,,24.0,,,24.0
20,years,,,,,,20.0
,,,,6.0,,,6.0
29,years,,,,,,29.0
,,,,68.0,,,68.0
22,years,,,,,,22.0
,,,,35.0,,,35.0
,,,,45.0,,,45.0
9.666666667,years,,,,,,9.667
6.083333333,years,,,,,,6.083
,,,,,,,76.0
50.0,years,,,,,,50.0
1,,years,,,,,1.0
,,,,7.0,,,7.0
,,,,66.0,,,66.0
,,,,42.0,,,42.0
36,,years,,,,,36.0
26,years,years,,,,,26.0
,,,,64.0,,,64.0
,,,,22.0,,,22.0
,,,,44.0,,,44.0
,,,,20.0,,,20.0
,,,,72.0,,,72.0
,,,,5.0,,,5.0
,,,,35.0,,,35.0
73.0,years,years,,,,,73.0
,,,,65.0,,,65.0
,,,,34.0,,,34.0
,,,,74.0,,,74.0
,,,,,,,46.0
,,,,56.0,,,56.0
,,,,39.0,,,39.0
7.583333333,years,,,,,,7.583
,,,,58.0,,,58.0
37.81643835616438,,years,,,,,37.816
23.0,years,,,,,,23.0
12.66666667,years,,,,,,12.667
,,,,57.0,,,57.0
,,,,50.0,,,50.0
34,years,years,,,,,34.0
50,,years,,,,50.0,50.0
22,years,,,,,,22.0
,,,,65.0,,,65.0
33.55,years,,,,,,33.55
,,,,3.0,,,3.0
,,,,40.0,,,40.0
26,years,years,,,,,26.0
,,,,54.0,,,54.0
63,years,,,,,,63.0
,,,,45.0,,,45.0
11.08333333,years,,,,,,11.083
,,,,57.0,,,57.0
29.0,years,,,,,,29.0
,,,,66.0,,,66.0
,,,,40.0,,,40.0
,,,,42.0,,,42.0
,,,,50.0,,,50.0
,,,,37.0,,,37.0
,,,,10.0,,,10.0
,,,,17.0,,,17.0
,,,,34.0,,,34.0
16,years,years,,,,,16.0
61,,years,,,,,61.0
15.41666667,years,,,,,,15.417
,,,,15.0,,,15.0
37.391780821917806,,years,,,,,37.392
0,,years,,,,,0.0
21,years,,,,,,21.0
37.70958904109589,,years,,,,,37.71
,,,,23.0,,,23.0
59,,years,,,,,59.0
,,,,29.0,,,29.0
37,,years,,,,,37.0
37.24109589041096,,years,,,,,37.241
14,days,days,,,,,0.038
,,,,52.0,,,52.0
,,,,35.0,,,35.0
64,,years,,,,,64.0
24.0,years,,,,,,24.0
,,,,25.0,,,25.0
,,,,24.0,,,24.0
38,years,,,,,,38.0
,,,,52.0,,,52.0
,,,,22.0,,,22.0
,,,,55.0,,,55.0
,,,,51.0,,,51.0
38.706849315068496,,years,,,,,38.707
29.0,years,,,,,,29.0
,,,,6.0,,,6.0
,,,,57.0,,,57.0
27.0,years,,,,,,27.0
66,years,,,,,,66.0
,,,,36.0,,,36.0
2.506849315068493,,years,,,,,2.507
,,,,42.0,,,42.0
37.912328767123284,,years,,,,,37.912
49,years,,,,,,49.0
,,,,19.0,,,19.0
24.0,years,,,,,,24.0
63,,years,,,,63.0,63.0
,,,,30.0,,,30.0
,,,,18.0,,,18.0
,,,,42.0,,,42.0
36,,years,,,,,36.0
36,years,years,,,,,36.0
35.0,years,,,,,,35.0
,,,,57.0,,,57.0
,,,,,,,57.0
,,,,34.0,,,34.0
,,,,36.0,,,36.0
67,,years,,,,,67.0
,,,,74.0,,,74.0
26,years,years,,,,,26.0
,,,,59.0,,,59.0
15.25,years,,,,,,15.25
25,years,,,,,,25.0
,,,,57.0,,,57.0
,,,,66.0,,,66.0
40,years,years,,,,,40.0
,,,,47.0,,,47.0
,,,,56.0,,,56.0
,,,,37.0,,,37.0
,,,,27.0,,,27.0
,,,,47.0,,,47.0
24.0,years,,,,,,24.0
,,,,53.0,,,53.0
,,,,43.0,,,43.0
,,,,50.0,,,50.0
,,,,44.0,,,44.0
,,,,62.0,,,62.0
,,,,20.0,,,20.0
,,,,41.0,,,41.0
14.41666667,years,,,,,,14.417
56.0,years,years,,,,,56.0
72,,years,,,,,72.0
22,years,,,,,,22.0
14,years,,,,,,14.0
,,,,60.0,,,60.0
36,,years,,,,,36.0
37,,years,,,,,37.0
,,,,56.0,,,56.0
40.106849315068494,,years,,,,,40.107
32.77,years,,,,,,32.77
15.33333333,years,,,,,,15.333
33,years,,,,,,33.0
,,,,80.0,,,80.0
,,,,64.0,,,64.0
,,,,27.0,,,27.0
61,,years,,,,,61.0
,,,,47.0,,,47.0
,,,,75.0,,,75.0
,,,,53.0,,,53.0
,,,,54.0,,,54.0
14.5,years,,,,,,14.5
,,,,57.0,,,57.0
,,,,42.0,,,42.0
,,,,14.0,,,14.0
52,years,,,,,,52.0
,,,,88.0,,,88.0
36,,years,,,,,36.0
26,years,years,,,,,26.0
16.33333333,years,,,,,,16.333
35,,years,,,,,35.0
26.0,years,,,,,,26.0
,,,,33.0,,,33.0
,,,,46.0,,,46.0
,,,,67.0,,,67.0
36,,years,,,,,36.0
40,years,,,,,,40.0
,,,,41.0,,,41.0
,,,,65.0,,,65.0
87.0,years,years,,,,,87.0
,,,,65.0,,,65.0
10.5,years,,,,,,10.5
60,years,,,,,,60.0
66,years,,,,,,66.0
30.0,years,,,,,,30.0
,,,,31.0,,,31.0
3,days,days,,,,,0.008
,,,,46.0,,,46.0
20,years,,,,,,20.0
19,years,,,,,,19.0
,,,,39.0,,,39.0
45,years,,,,,,45.0
2.3424657534246576,,years,,,,,2.342
0.5,years,years,,,,,0.5
37,years,,,,,,37.0
,,,,35.0,,,35.0
69,,years,,,,,69.0
,,,,,,,2.0
37.676712328767124,,years,,,,,37.677
22,years,,,,,,22.0
,,,,10.0,,,10.0
36,years,years,,,,,36.0
16,years,years,,,,,16.0
,,,,,,,22.0
71,,years,,,,,71.0
,,,,37.0,,,37.0
,,,,50.0,,,50.0
,,,,31.0,,,31.0
39.50958904109589,,years,,,,,39.51
,,,,66.0,,,66.0
,,,,60.0,,,60.0
,,,,38.0,,,38.0
26,years,years,,,,,26.0
50,,years,,,,,50.0
,,,,63.0,,,63.0
,,,,16.0,,,16.0
9.25,years,,,,,,9.25
71,,years,,,,,71.0
,,,,59.0,,,59.0
,,,,58.0,,,58.0
,,,,54.0,,,54.0
,,,,19.0,,,19.0
,,,,35.0,,,35.0
3,,years,,,,,3.0
54.0,years,years,,,,,54.0
22.0,days,,22.0,,,,0.06
,,,,60.0,,,60.0
37,,years,,,,,37.0
54.0,years,,,,,,54.0
,,,,68.0,,,68.0
,,,,63.0,,,63.0
52,,years,,,,,52.0
37,,years,,,,,37.0
,,,,44.0,,,44.0
51,,years,,,,,51.0
5.916666667,years,,,,,,5.917
,,,,52.0,,,52.0
29,years,,,,29,,29.0
32.58,years,,,,,,32.58
,,,,55.0,,,55.0
,,,,29.0,,,29.0
7,,days,,,,,0.019
,,,,45.0,,,45.0
,,,,52.0,,,52.0
14.08333333,years,,,,,,14.083
,,,,23.0,,,23.0
,,,,37.0,,,37.0
51,,years,,,,,51.0
57,,years,,,,,57.0
20,years,,,,,,20.0
37.50410958904109,,years,,,,,37.504
,,,,68.0,,,68.0
,,,,55.0,,,55.0
37.75068493150685,,years,,,,,37.751
84,years,,,,,,84.0
,,,,71.0,,,71.0
,,,,40.0,,,40.0
36,,years,,,,,36.0
,,,,55.0,,,55.0
54,years,,,,,,54.0
22,years,,,,,,22.0
,,,,52.0,,,52.0
61,years,,,,,,61.0
,,,,60.0,,,60.0
,,,,49.0,,,49.0
,,,,60.0,,,60.0
13.75,years,,,,,,13.75
16.33333333,years,,,,,,16.333
,,,,63.0,,,63.0
54.0,years,,,,,,54.0
,,,,21.0,,,21.0
,,,,51.0,,,51.0
22,years,,,,,,22.0
,,,,31.0,,,31.0
,,,,30.0,,,30.0
,,,,25.0,,,25.0
1,,years,,,,,1.0
,,,,42.0,,,42.0
23,years,,,,,,23.0
,,,,57.0,,,57.0
,,,,41.0,,,41.0
,,,,74.0,,,74.0
56.0,years,years,,,,,56.0
0,,years,,,,,0.0
77,,years,,,,,77.0
36,years,years,,,,,36.0
24.0,years,,,,,,24.0
,,,,33.0,,,33.0
15.0,years,,,,,,15.0
39.153424657534245,,years,,,,,39.153
37.74520547945205,,years,,,,,37.745
,,,,3.0,,,3.0
11.33333333,years,,,,,,11.333
,,,,6.0,,,6.0
39.608219178082194,,years,,,,,39.608
,,,,49.0,,,49.0
36,,years,,,,,36.0
,,,,16.0,,,16.0
,,,,22.0,,,22.0
,,,,59.0,,,59.0
37.78904109589041,,years,,,,,37.789
72,,years,,,,,72.0
,,,,43.0,,,43.0
,,,,60.0,,,60.0
,,,,73.0,,,73.0
60,years,,,,,,60.0
20,years,,,,,,20.0
,,,,65.0,,,65.0
,,,,30.0,,,30.0
43,,years,,,,,43.0
,,,,40.0,,,40.0
35,,years,,,,,35.0
,,,,58.0,,,58.0
50,years,,,,,,50.0
22,years,,,,,,22.0
13.83333333,years,,,,,,13.833
43,years,years,,,,,43.0
22,years,,,,,,22.0
64,,years,,,,,64.0
,,,,33.0,,,33.0
,,,,37.0,,,37.0
32.33,years,,,,,,32.33
,,,,38.0,,,38.0
51,years,,,,,,51.0
,,,,60.0,,,60.0
9.5,years,,,,,,9.5
32,years,,,,32,,32.0
,,,,18.0,,,18.0
57,,years,,,,,57.0
2,years,,,,2,,2.0
1,,years,,,,,1.0
,,,,61.0,,,61.0
52,years,years,,,,,52.0
90,,days,,,,,0.247
32,years,,,,,,32.0
,,,,60.0,,,60.0
2,,years,,,,,2.0
,,,,11.0,,,11.0
,,,,68.0,,,68.0
,,,,57.0,,,57.0
9.666666667000001,years,,,,,,9.667
33,,years,,,,,33.0
70,,years,,,,,70.0
,,,,24.0,,,24.0
39.15890410958904,,years,,,,,39.159
30,years,,,,,,30.0
28,years,,,,,,28.0
,,,,54.0,,,54.0
50,years,,,,,,50.0
,,,,50.0,,,50.0
71,,years,,,,,71.0
,,,,53.0,,,53.0
,,,,33.0,,,33.0
24,years,,,,,,24.0
,,,,68.0,,,68.0
75.0,years,,,,,,75.0
,,,,54.0,,,54.0
,,,,43.0,,,43.0
,,,,6.0,,,6.0
,,,,16.0,,,16.0
,,,,44.0,,,44.0
,,,,37.0,,,37.0
,,,,51.0,,,51.0
,,,,53.0,,,53.0
21,years,,,,,,21.0
39.40547945205479,,years,,,,,39.405
2.5972602739726027,,years,,,,,2.597
,,,,62.0,,,62.0
20,years,,,,,,20.0
23.0,years,,,,,,23.0
,,,,54.0,,,54.0
36,,years,,,,,36.0
29,years,,,,,,29.0
,,,,44.0,,,44.0
,,,,41.0,,,41.0
6.583333333,years,,,,,,6.583
1,,years,,,,,1.0
2.504109589041096,,years,,,,,2.504
1,,years,,,,,1.0
,,,,70.0,,,70.0
37.42739726027397,,years,,,,,37.427
74,,years,,,,,74.0
,,,,30.0,,,30.0
,,,,75.0,,,75.0
,,,,75.0,,,75.0
,,,,8.0,,,8.0
,,,,47.0,,,47.0
,,,,64.0,,,64.0
2,,years,,,,,2.0
,,,,62.0,,,62.0
58,,years,,,,,58.0
36,,years,,,,,36.0
22,years,,,,,,22.0
32.57,years,,,,,,32.57
,,,,36.0,,,36.0
,,,,76.0,,,76.0
,,,,33.0,,,33.0
,,,,29.0,,,29.0
39.536986301369865,,years,,,,,39.537
57,,years,,,,,57.0
,,,,38.0,,,38.0
,,,,25.0,,,25.0
,,,,43.0,,,43.0
,,,,51.0,,,51.0
37.224657534246575,,years,,,,,37.225
,,,,41.0,,,41.0
,,,,29.0,,,29.0
,,,,37.0,,,37.0
,,,,36.0,,,36.0
,,,,47.0,,,47.0
,,,,63.0,,,63.0
,,,,51.0,,,51.0
,,,,41.0,,,41.0
,,,,49.0,,,49.0
39.66027397260274,,years,,,,,39.66
,,,,38.0,,,38.0
,,,,42.0,,,42.0
,,,,69.0,,,69.0
,,,,57.0,,,57.0
,,,,49.0,,,49.0
54,,years,,,,,54.0
28,years,,,,,,28.0
,,,,30.0,,,30.0
52,years,,,,,,52.0
26,years,years,,,,,26.0
,,,,,,,2.0
30,years,,,,,,30.0
63,years,,,,,,63.0
46,years,years,,,,,46.0
58,,years,,,,,58.0
,,,,21.0,,,21.0
,,,,59.0,,,59.0
14.66666667,years,,,,,,14.667
8,,years,,,,,8.0
,,,,69.0,,,69.0
26,years,years,,,,,26.0
,,,,64.0,,,64.0
,,,,57.0,,,57.0
,,,,28.0,,,28.0
,,,,81.0,,,81.0
46.0,years,years,,,,,46.0
,,,,43.0,,,43.0
37,,years,,,,,37.0
,,,,39.0,,,39.0
,,,,28.0,,,28.0
,,,,37.0,,,37.0
48.0,years,,,,,,48.0
,,,,33.0,,,33.0
,,,,61.0,,,61.0
,,,,19.0,,,19.0
,,,,50.0,,,50.0
32,years,,,,,,32.0
365,,days,,,,,1.0
56,years,,,,,,56.0
24,years,,,,,,24.0
,,,,79.0,,,79.0
77,,years,,,,,77.0
20,years,,,,,,20.0
,,,,45.0,,,45.0
40,years,,,,,,40.0
,,,,30.0,,,30.0
,,,,49.0,,,49.0
16.33333333,years,,,,,,16.333
,,,,53.0,,,53.0
,,,,57.0,,,57.0
37,,years,,,,,37.0
20,years,,,,,,20.0
,,,,27.0,,,27.0
,,,,76.0,,,76.0
,,,,39.0,,,39.0
35.0,years,,,,,,35.0
66,,years,,,,,66.0
,,,,60.0,,,60.0
,,,,57.0,,,57.0
21,years,,,,,,21.0
,,,,7.0,,,7.0
,,,,38.0,,,38.0
21,years,,,,,,21.0
,,,,58.0,,,58.0
,,,,50.0,,,50.0
58,,years,,,,,58.0
60,years,,,,,,60.0
22,years,,,,,,22.0
51,years,,,,,,51.0
19,years,,,,,,19.0
,,,,76.0,,,76.0
36,,years,,,,,36.0
,,,,21.0,,,21.0
,,,,45.0,,,45.0
1,,years,,,,,1.0
22.0,years,,,,,,22.0
,,,,55.0,,,55.0
,,,,44.0,,,44.0
1,,years,,,,,1.0
,,,,46.0,,,46.0
,,,,,,,2.0
65,,years,,,,,65.0
,,,,10.0,,,10.0
71,years,,,,71,,71.0
39.487671232876714,,years,,,,,39.488
21.0,years,,,,,,21.0
13,years,,,,,,13.0
37.778082191780825,,years,,,,,37.778
43,years,years,,,,,43.0
,,,,74.0,,,74.0
37.463013698630135,,years,,,,,37.463
,,,,62.0,,,62.0
,,,,60.0,,,60.0
0,,years,,,,,0.0
,,,,,,,71.0
52,years,,,,,,52.0
37.778082191780825,,years,,,,,37.778
,,,,50.0,,,50.0
20,years,,,,,,20.0
32,years,,,,,,32.0
22,years,,,,,,22.0
,,,,59.0,,,59.0
37.67123287671233,,years,,,,,37.671
22,years,years,,,,,22.0
,,,,32.0,,,32.0
25,years,,,,,,25.0
,,,,55.0,,,55.0
21,years,,,,,,21.0
37,,years,,,,,37.0
48,,years,,,,,48.0
62,,years,,,,,62.0
,,,,31.0,,,31.0
,,,,60.0,,,60.0
3,years,,,,,,3.0
92,years,,,,,,92.0
,,,,70.0,,,70.0
72,years,,,,,,72.0
,,,,43.0,,,43.0
20,years,,,,,,20.0
37.961643835616435,,years,,,,,37.962
,,,,45.0,,,45.0
,,,,44.0,,,44.0
33.21,years,,,,,,33.21
5.5,years,,,,,,5.5
,,,,59.0,,,59.0
33,years,,,,,,33.0
,,,,53.0,,,53.0
,,,,45.0,,,45.0
,,,,66.0,,,66.0
32.17,years,,,,,,32.17
21,years,,,,,,21.0
,,,,24.0,,,24.0
33.6,years,,,,,,33.6
75,,years,,,,,75.0
,,,,23.0,,,23.0
54,,years,,,,,54.0
,,,,32.0,,,32.0
72,,years,,,,,72.0
77,years,,,,,,77.0
,,,,45.0,,,45.0
,,,,65.0,,,65.0
,,,,31.0,,,31.0
,,,,25.0,,,25.0
,,,,40.0,,,40.0
,,,,63.0,,,63.0
15,years,,,,,,15.0
,,,,46.0,,,46.0
58,years,,,,,,58.0
1,,years,,,,,1.0
,,,,28.0,,,28.0
8.833333332999999,years,,,,,,8.833
20.0,years,,,,,,20.0
,,,,30.0,,,30.0
,,,,53.0,,,53.0
,,,,36.0,,,36.0
,,,,71.0,,,71.0
,,,,53.0,,,53.0
,,,,48.0,,,48.0
,,,,52.0,,,52.0
,,,,51.0,,,51.0
70,,years,,,,,70.0
,,,,25.0,,,25.0
36,,years,,,,,36.0
26,years,years,,,,,26.0
,,,,60.0,,,60.0
,,,,46.0,,,46.0
,,,,63.0,,,63.0
38.0,years,,,,,,38.0
31,years,,,,,,31.0
,,,,59.0,,,59.0
54.0,years,,,,,,54.0
,,,,49.0,,,49.0
,,,,77.0,,,77.0
,,,,63.0,,,63.0
35,,years,,,,,35.0
,,,,19.0,,,19.0
25,years,,,,,,25.0
32.1,years,,,,,,32.1
,,,,68.0,,,68.0
16,years,,,,,,16.0
7,,days,,,,,0.019
,,,,7.0,,,7.0
8.416666667,years,,,,,,8.417
,,,,27.0,,,27.0
,,,,62.0,,,62.0
,,,,65.0,,,65.0
24.0,years,,,,,,24.0
21,years,,,,,,21.0
33,years,,,,,,33.0
1,,years,,,,,1.0
,,,,59.0,,,59.0
,,,,75.0,,,75.0
12.83333333,years,,,,,,12.833
11.25,years,,,,,,11.25
46.0,years,,,,,,46.0
,,,,50.0,,,50.0
24.0,years,,,,,,24.0
,,,,67.0,,,67.0
,,,,,,,1.0
,,,,53.0,,,53.0
31.0,years,,,,,,31.0
,,,,62.0,,,62.0
,,,,49.0,,,49.0
52,years,,,,,,52.0
24,years,,,,,,24.0
,,,,35.0,,,35.0
30,years,,,,,,30.0
42,years,,,,,,42.0
61,,years,,,,,61.0
5.416666667,years,,,,,,5.417
60.0,years,years,,,,,60.0
30.0,years,,,,,,30.0
39.054794520547944,,years,,,,,39.055
20,years,,,,,,20.0
2,,years,,,,,2.0
2,years,,,,,,2.0
,,,,49.0,,,49.0
36,,years,,,,,36.0
21,years,,,,,,21.0
,,,,38.0,,,38.0
,,,,54.0,,,54.0
,,,,57.0,,,57.0
22,years,,,,,,22.0
22,years,,,,,,22.0
55,,years,,,,,55.0
,,,,60.0,,,60.0
30,years,,,,,,30.0
,,,,63.0,,,63.0
37.85753424657534,,years,,,,,37.858
42,years,,,,,,42.0
29.0,years,,,,,,29.0
24,years,,,,,,24.0
57,,years,,,,,57.0
,,,,37.0,,,37.0
36,,years,,,,,36.0
,,,,40.0,,,40.0
39,,years,,,,,39.0
,,,,57.0,,,57.0
25,years,,,,,,25.0
,,,,76.0,,,76.0
,,,,42.0,,,42.0
28,years,,,,,,28.0
27,years,,,,27,,27.0
32.36,years,,,,,,32.36
36,,years,,,,,36.0
,,,,69.0,,,69.0
,,,,34.0,,,34.0
,,,,66.0,,,66.0
,,,,27.0,,,27.0
32.94,years,,,,,,32.94
,,,,44.0,,,44.0
,,,,65.0,,,65.0
,,,,53.0,,,53.0
15,years,years,,,,,15.0
29,years,,,,,,29.0
24.0,years,,,,,,24.0
,,,,61.0,,,61.0
,,,,28.0,,,28.0
,,,,27.0,,,27.0
,,,,42.0,,,42.0
38.106849315068494,,years,,,,,38.107
33,years,,,,,,33.0
,,,,55.0,,,55.0
56,years,,,,,,56.0
0,,years,,,,,0.0
,,,,33.0,,,33.0
,,,,58.0,,,58.0
66,years,,,,,,66.0
,,,,41.0,,,41.0
,,,,64.0,,,64.0
4,years,years,,,,,4.0
24.0,years,,,,,,24.0
54.0,years,,,,,,54.0
27.0,years,,,,,,27.0
,,,,61.0,,,61.0
60,years,,,,,,60.0
36,years,years,,,,,36.0
,,,,47.0,,,47.0
,,,,51.0,,,51.0
,,,,45.0,,,45.0
9.25,years,,,,,,9.25
,,,,40.0,,,40.0
,,,,,,,2.0
31.96,years,,,,,,31.96
,,,,45.0,,,45.0
,,,,71.0,,,71.0
,,,,63.0,,,63.0
12.0,years,,,,,,12.0
,,,,30.0,,,30.0
22,years,,,,,,22.0
22,years,,,,,,22.0
0.58,years,years,,,,,0.58
,,,,32.0,,,32.0
,,,,,,,55.0
,,,,7.0,,,7.0
,,,,18.0,,,18.0
,,,,49.0,,,49.0
13,years,years,,,,,13.0
56,years,,,,,,56.0
,,,,29.0,,,29.0
21,years,,,,,,21.0
23,,years,,,,,23.0
61,,years,,,,,61.0
,,,,41.0,,,41.0
56,,years,,,,,56.0
,,,,58.0,,,58.0
,,,,27.0,,,27.0
,,,,63.0,,,63.0
,,,,65.0,,,65.0
21,years,,,,,,21.0
,,,,47.0,,,47.0
83.0,years,,,,,,83.0
2.7,years,,,,,,2.7
,,,,64.0,,,64.0
,,,,35.0,,,35.0
,,,,52.0,,,52.0
,,,,69.0,,,69.0
,,,,41.0,,,41.0
,,,,72.0,,,72.0
33,years,,,,,,33.0
,,,,49.0,,,49.0
27,years,,,,,,27.0
,,,,35.0,,,35.0
,,,,,,,27.0
9.916666667000001,years,,,,,,9.917
,,,,8.0,,,8.0
18,years,,,,,,18.0
,,,,32.0,,,32.0
,,,,49.0,,,49.0
9,years,,,,,,9.0
,,,,49.0,,,49.0
,,,,23.0,,,23.0
,,,,60.0,,,60.0
,,,,51.0,,,51.0
,,,,60.0,,,60.0
78,,years,,,,,78.0
22,years,,,,,,22.0
,,,,46.0,,,46.0
,,,,31.0,,,31.0
37,,years,,,,,37.0
63,years,,,,,,63.0
22,years,,,,,,22.0
,,,,8.0,,,8.0
,,,,80.0,,,80.0
,,,,65.0,,,65.0
,,,,55.0,,,55.0
65,years,,,,,,65.0
52,years,,,,,,52.0
32,,years,,,,32.0,32.0
60,years,,,,,,60.0
,,,,73.0,,,73.0
,,,,28.0,,,28.0
,,,,61.0,,,61.0
,,,,14.0,,,14.0
14.08333333,years,,,,,,14.083
25,years,,,,,,25.0
24,years,,,,,,24.0
18,years,,,,,,18.0
22,years,,,,,,22.0
,,,,27.0,,,27.0
29,years,,,,,,29.0
,,,,56.0,,,56.0
7,years,years,,,,,7.0
,,,,64.0,,,64.0
,,,,71.0,,,71.0
30,years,,,,,,30.0
,,,,59.0,,,59.0
,,,,41.0,,,41.0
,,,,37.0,,,37.0
,,,,76.0,,,76.0
,,,,64.0,,,64.0
,,,,63.0,,,63.0
42,years,,,,,,42.0
,,,,5.0,,,5.0
61,,years,,,,,61.0
45,years,,,,,,45.0
,,,,64.0,,,64.0
24,years,,,,,,24.0
,,,,69.0,,,69.0
24.0,years,,,,,,24.0
,,,,13.0,,,13.0
14.41666667,years,,,,,,14.417
,,,,32.0,,,32.0
,,,,38.0,,,38.0
,,,,14.0,,,14.0
,,,,43.0,,,43.0
,,,,67.0,,,67.0
,,,,27.0,,,27.0
,,,,43.0,,,43.0
70,years,,,,70,,70.0
,,,,27.0,,,27.0
,,,,45.0,,,45.0
1,,years,,,,,1.0
39.73972602739726,,years,,,,,39.74
,,,,11.0,,,11.0
36,,years,,,,,36.0
,,,,31.0,,,31.0
,,,,28.0,,,28.0
74,,years,,,,,74.0
,,,,57.0,,,57.0
,,,,61.0,,,61.0
,,,,52.0,,,52.0
,,,,38.0,,,38.0
,,,,36.0,,,36.0
,,,,50.0,,,50.0
,,,,56.0,,,56.0
,,,,45.0,,,45.0
37.534246575342465,,years,,,,,37.534
,,,,42.0,,,42.0
2,,years,,,,,2.0
1,,years,,,,,1.0
,,,,58.0,,,58.0
,,,,49.0,,,49.0
,,,,47.0,,,47.0
33,,years,,,,33.0,33.0
37.16438356164384,,years,,,,,37.164
24.0,years,,,,,,24.0
27,years,,,,,,27.0
27.0,years,,,,,,27.0
,,,,61.0,,,61.0
26,years,years,,,,,26.0
,,,,21.0,,,21.0
0.39,years,years,,,,,0.39
,,,,66.0,,,66.0
,,,,55.0,,,55.0
,,,,52.0,,,52.0
,,,,6.0,,,6.0
40.06849315068493,,years,,,,,40.068
0.75,years,years,,,,,0.75
,,,,29.0,,,29.0
,,,,49.0,,,49.0
55,,years,,,,,55.0
,,,,35.0,,,35.0
32,years,,,,,,32.0
,,,,56.0,,,56.0
15.5,years,,,,,,15.5
,,,,8.0,,,8.0
,,,,56.0,,,56.0
30,,years,,,,,30.0
51,years,,,,,,51.0
21,years,,,,,,21.0
81.0,years,years,,,,,81.0
54,,years,,,,,54.0
,,,,50.0,,,50.0
,,,,21.0,,,21.0
18,years,,,,,,18.0
,,,,70.0,,,70.0
11.41666667,years,,,,,,11.417
64,,years,,,,,64.0
,,,,47.0,,,47.0
,,,,27.0,,,27.0
53,,years,,,,,53.0
,,,,72.0,,,72.0
,,,,66.0,,,66.0
,,,,47.0,,,47.0
63,,years,,,,63.0,63.0
,,,,23.0,,,23.0
12,years,years,,,,,12.0
30,,days,,,,,0.082
32.0,years,,,,,,32.0
,,,,53.0,,,53.0
32.94,years,,,,,,32.94
,,,,48.0,,,48.0
,,,,21.0,,,21.0
,,,,36.0,,,36.0
,,,,47.0,,,47.0
7.166666667,years,,,,,,7.167
35,,years,,,,,35.0
14,years,years,,,,,14.0
30,,days,,,,,0.082
,,,,46.0,,,46.0
45,years,,,,45,,45.0
52.0,years,,,,,,52.0
,,,,39.0,,,39.0
32.59,years,,,,,,32.59
32.41,years,,,,,,32.41
,,,,5.0,,,5.0
,,,,6.0,,,6.0
63,years,,,,,,63.0
,,,,35.0,,,35.0
,,,,54.0,,,54.0
,,,,58.0,,,58.0
,,,,49.0,,,49.0
41,,years,,,,,41.0
,,,,28.0,,,28.0
,,,,76.0,,,76.0
,,,,3.0,,,3.0
1,,years,,,,,1.0
,,,,66.0,,,66.0
31,years,,,,,,31.0
,,,,74.0,,,74.0
,,,,27.0,,,27.0
37.52054794520548,,years,,,,,37.521
,,,,67.0,,,67.0
20,years,,,,,,20.0
,,,,57.0,,,57.0
14.91666667,years,,,,,,14.917
30.0,years,,,,,,30.0
20,years,,,,,,20.0
,,,,47.0,,,47.0
63,,years,,,,,63.0
,,,,67.0,,,67.0
30,years,,,,,,30.0
,,,,34.0,,,34.0
,,,,27.0,,,27.0
28,years,,,,28,,28.0
,,,,84.0,,,84.0
37,,years,,,,,37.0
,,,,49.0,,,49.0
20,years,,,,,,20.0
24.0,years,,,,,,24.0
21,years,,,,,,21.0
,,,,46.0,,,46.0
,,,,32.0,,,32.0
,,,,,,,2.0
68,years,,,,,,68.0
,,,,45.0,,,45.0
20,years,,,,,,20.0
,,,,63.0,,,63.0
,,,,66.0,,,66.0
37,,years,,,,,37.0
,,,,45.0,,,45.0
,,,,56.0,,,56.0
66,years,,,,,,66.0
32.0,years,,,,,,32.0
35.0,years,,,,,,35.0
,,,,5.0,,,5.0
,,,,39.0,,,39.0
22,years,,,,,,22.0
,,,,52.0,,,52.0
,,,,36.0,,,36.0
,,,,47.0,,,47.0
,,,,29.0,,,29.0
,,,,64.0,,,64.0
12.66666667,years,,,,,,12.667
,,,,54.0,,,54.0
,,,,55.0,,,55.0
72,,years,,,,,72.0
,,,,44.0,,,44.0
,,,,37.0,,,37.0
0,,years,,,,,0.0
64,,years,,,,,64.0
36,,years,,,,,36.0
39.706849315068496,,years,,,,,39.707
,,,,54.0,,,54.0
,,,,32.0,,,32.0
,,,,6.0,,,6.0
60,years,,,,,,60.0
33,,years,,,,33.0,33.0
,,,,22.0,,,22.0
,,,,34.0,,,34.0
,,,,45.0,,,45.0
,,,,44.0,,,44.0
,,,,26.0,,,26.0
,,,,55.0,,,55.0
,,,,60.0,,,60.0
16,years,years,,,,,16.0
,,,,68.0,,,68.0
,,,,61.0,,,61.0
,,,,56.0,,,56.0
,,,,54.0,,,54.0
,,,,54.0,,,54.0
1,,years,,,,,1.0
37.654794520547945,,years,,,,,37.655
,,,,36.0,,,36.0
,,,,51.0,,,51.0
,,,,44.0,,,44.0
69,,years,,,,,69.0
,,,,62.0,,,62.0
,,,,61.0,,,61.0
36,,years,,,,,36.0
32.49,years,,,,,,32.49
36,,years,,,,,36.0
,,,,62.0,,,62.0
8,years,,,,,,8.0
,,,,33.0,,,33.0
,,,,66.0,,,66.0
8.0,years,,,,,,8.0
,,,,66.0,,,66.0
,,,,45.0,,,45.0
21,years,,,,,,21.0
,,,,39.0,,,39.0
37,,years,,,,,37.0
,,,,29.0,,,29.0
22,years,,,,,,22.0
,,,,62.0,,,62.0
,,,,58.0,,,58.0
68.0,years,years,,,,,68.0
46,years,years,,,,,46.0
27.0,years,,,,,,27.0
,,,,20.0,,,20.0
,,,,49.0,,,49.0
,,,,5.0,,,5.0
36,,years,,,,,36.0
49,years,,,,,,49.0
,,,,43.0,,,43.0
23,years,,,,,,23.0
0.58,years,,,,,,0.58
23.0,years,,,,,,23.0
,,,,52.0,,,52.0
,,,,35.0,,,35.0
47,years,,,,,,47.0
,,,,47.0,,,47.0
,,,,58.0,,,58.0
65,years,,,,,,65.0
14.58333333,years,,,,,,14.583
,,,,44.0,,,44.0
,,,,68.0,,,68.0
1,,years,,,,,1.0
63.0,years,,,,,,63.0
26,years,years,,,,,26.0
,,,,32.0,,,32.0
,,,,36.0,,,36.0
,,,,58.0,,,58.0
65,,years,,,,,65.0
,,,,63.0,,,63.0
,,,,29.0,,,29.0
39.416438356164385,,years,,,,,39.416
,,,,58.0,,,58.0
,,,,61.0,,,61.0
,,,,75.0,,,75.0
1.5,years,,,,1.5,,1.5
,,,,36.0,,,36.0
32.0,years,,,,,,32.0
,,,,49.0,,,49.0
56,years,,,,,,56.0
39.205479452054796,,years,,,,,39.205
,,,,48.0,,,48.0
,,,,53.0,,,53.0
,,,,59.0,,,59.0
30.0,years,,,,,,30.0
19,years,,,,,,19.0
21,years,,,,,,21.0
39.172602739726024,,years,,,,,39.173
,,,,61.0,,,61.0
,,,,,,,46.0
,,,,,,,6.0
37,,years,,,,,37.0
32.07,years,,,,,,32.07
,,,,2.0,,,2.0
,,,,56.0,,,56.0
,,,,55.0,,,55.0
,,,,60.0,,,60.0
,,,,16.0,,,16.0
,,,,52.0,,,52.0
57,years,years,,,,,57.0
,,,,69.0,,,69.0
2,,years,,,,,2.0
,,,,60.0,,,60.0
,,,,75.0,,,75.0
1,,years,,,,,1.0
,,,,58.0,,,58.0
22,years,,,,,,22.0
,,,,68.0,,,68.0
,,,,64.0,,,64.0
,,,,72.0,,,72.0
37,,years,,,,,37.0
63,,years,,,,,63.0
,,,,42.0,,,42.0
,,,,72.0,,,72.0
52,years,,,,,,52.0
,,,,24.0,,,24.0
54.0,years,,,,,,54.0
18,years,,,,18,,18.0
1,,years,,,,,1.0
,,,,46.0,,,46.0
,,,,63.0,,,63.0
31,years,,,,,,31.0
22,years,,,,,,22.0
30,,days,,,,,0.082
21,years,,,,,,21.0
26,years,years,,,,,26.0
,,,,60.0,,,60.0
,,,,27.0,,,27.0
,,,,61.0,,,61.0
32.0,years,,,,,,32.0
17,years,,,,,,17.0
,,,,59.0,,,59.0
56,,years,,,,,56.0
,,,,75.0,,,75.0
29,,years,,,,,29.0
46,,years,,,,,46.0
74,,years,,,,,74.0
,,,,22.0,,,22.0
22,years,,,,,,22.0
52.0,years,,,,,,52.0
39,years,,,,,,39.0
36,,years,,,,,36.0
58,years,,,,,,58.0
,,,,44.0,,,44.0
,,,,43.0,,,43.0
,,,,22.0,,,22.0
26,years,,,,,,26.0
33,years,,,,,,33.0
36,,years,,,,,36.0
62.0,years,,,,,,62.0
,,,,37.0,,,37.0
,,,,41.0,,,41.0
,,,,32.0,,,32.0
,,,,23.0,,,23.0
32.0,years,,,,,,32.0
24,years,,,,,,24.0
,,,,57.0,,,57.0
,,,,50.0,,,50.0
49,,years,,,,49.0,49.0
31,years,,,,,,31.0
,,,,54.0,,,54.0
27,years,,,,,,27.0
,,,,54.0,,,54.0
1,,years,,,,,1.0
39.92602739726028,,years,,,,,39.926
,,,,62.0,,,62.0
,,,,35.0,,,35.0
,,,,47.0,,,47.0
,,,,71.0,,,71.0
22,years,,,,,,22.0
,,,,,,,49.0
,,,,13.0,,,13.0
66,years,,,,,,66.0
,,,,61.0,,,61.0
,,,,64.0,,,64.0
,,,,38.0,,,38.0
22,years,,,,,,22.0
,,,,38.0,,,38.0
35,,years,,,,,35.0
,,,,44.0,,,44.0
26,years,years,,,,,26.0
,,,,30.0,,,30.0
,,,,27.0,,,27.0
21,years,,,,,,21.0
50.0,years,,,,,,50.0
31.95,years,,,,,,31.95
,,,,34.0,,,34.0
,,,,66.0,,,66.0
,,,,38.0,,,38.0
24,years,,,,,,24.0
,,,,43.0,,,43.0
,,,,35.0,,,35.0
,,,,31.0,,,31.0
33,years,,,,,,33.0
,,,,58.0,,,58.0
28,years,,,,,,28.0
,,,,60.0,,,60.0
,,,,5.0,,,5.0
,,,,28.0,,,28.0
13.41666667,years,,,,,,13.417
72,,years,,,,,72.0
,,,,63.0,,,63.0
,,,,67.0,,,67.0
,,,,34.0,,,34.0
,,,,47.0,,,47.0
,,,,57.0,,,57.0
,,,,42.0,,,42.0
,,,,57.0,,,57.0
,,,,61.0,,,61.0
31.94,years,,,,,,31.94
,,,,64.0,,,64.0
31,years,years,,,,,31.0
,,,,30.0,,,30.0
1,,years,,,,,1.0
,,,,23.0,,,23.0
,,,,59.0,,,59.0
,,,,,,,41.0
37,,years,,,,,37.0
,,,,25.0,,,25.0
,,,,51.0,,,51.0
,,,,52.0,,,52.0
,,,,41.0,,,41.0
28.0,years,,,,,,28.0
39.99452054794521,,years,,,,,39.995
90,,days,,,,,0.247
39.605479452054794,,years,,,,,39.605
9.416666667000001,years,,,,,,9.417
,,,,65.0,,,65.0
,,,,47.0,,,47.0
,,,,,,,43.0
14.83333333,years,,,,,,14.833
32,years,,,,,,32.0
,,,,14.0,,,14.0
70,,years,,,,,70.0
35,,years,,,,,35.0
,,,,64.0,,,64.0
39.86027397260274,,years,,,,,39.86
,,,,52.0,,,52.0
,,,,39.0,,,39.0
43,,years,,,,,43.0
14.08333333,years,,,,,,14.083
,,,,66.0,,,66.0
,,,,55.0,,,55.0
23,years,,,,,,23.0
54,years,,,,,,54.0
,,,,9.0,,,9.0
51,years,,,,,,51.0
21,years,,,,,,21.0
,,,,59.0,,,59.0
,,,,41.0,,,41.0
1,,years,,,,,1.0
,,,,19.0,,,19.0
,,,,45.0,,,45.0
13.16666667,years,,,,,,13.167
,,,,42.0,,,42.0
,,,,35.0,,,35.0
,,,,8.0,,,8.0
33,years,,,,,,33.0
,,,,37.0,,,37.0
,,,,47.0,,,47.0
,,,,53.0,,,53.0
,,,,68.0,,,68.0
30,,years,,,,,30.0
,,,,37.0,,,37.0
,,,,45.0,,,45.0
,,,,68.0,,,68.0
,,,,56.0,,,56.0
63,,years,,,,,63.0
,,,,59.0,,,59.0
45,,years,,,,,45.0
,,,,67.0,,,67.0
,,,,71.0,,,71.0
,,,,40.0,,,40.0
,,,,52.0,,,52.0
,,,,57.0,,,57.0
,,,,34.0,,,34.0
,,,,22.0,,,22.0
,,,,71.0,,,71.0
23,years,,,,,,23.0
,,,,62.0,,,62.0
24,years,years,,,,,24.0
,,,,33.0,,,33.0
65,,years,,,,,65.0
,,,,50.0,,,50.0
,,,,49.0,,,49.0
,,,,48.0,,,48.0
48,days,days,,,,,0.132
,,,,66.0,,,66.0
49,years,years,,,,,49.0
,,,,47.0,,,47.0
21,years,,,,,,21.0
27.0,years,,,,,,27.0
,,,,74.0,,,74.0
,,,,72.0,,,72.0
9,,years,,,,,9.0
18,years,,,,,,18.0
,,,,32.0,,,32.0
,,,,71.0,,,71.0
54,years,years,,,,,54.0
,,,,45.0,,,45.0
65.0,years,,,,,,65.0
,,,,52.0,,,52.0
51,years,,,,,,51.0
29,years,,,,,,29.0
,,,,69.0,,,69.0
,,,,47.0,,,47.0
32.64,years,,,,,,32.64
,,,,69.0,,,69.0
21,years,,,,,,21.0
,,,,52.0,,,52.0
56,years,,,,,,56.0
,,,,48.0,,,48.0
,,,,52.0,,,52.0
,,,,86.0,,,86.0
,,,,58.0,,,58.0
,,,,36.0,,,36.0
,,,,45.0,,,45.0
31,years,,,,,,31.0
2.558904109589041,,years,,,,,2.559
,,,,54.0,,,54.0
,,,,65.0,,,65.0
,,,,57.0,,,57.0
,,,,45.0,,,45.0
9.916666667000001,years,,,,,,9.917
,,,,48.0,,,48.0
,,,,28.0,,,28.0
0,,years,,,,,0.0
,,,,51.0,,,51.0
,,,,35.0,,,35.0
,,,,38.0,,,38.0
28,,years,,,,,28.0
,,,,70.0,,,70.0
60,years,,,,,,60.0
38.14246575342466,,years,,,,,38.142
,,,,48.0,,,48.0
86,,years,,,,,86.0
,,,,47.0,,,47.0
,,,,35.0,,,35.0
,,,,59.0,,,59.0
,,,,,,,53.0
,,,,50.0,,,50.0
,,,,57.0,,,57.0
21.0,years,,,,,,21.0
,,,,61.0,,,61.0
,,,,59.0,,,59.0
,,,,5.0,,,5.0
16.83333333,years,,,,,,16.833
,,,,45.0,,,45.0
,,,,53.0,,,53.0
,,,,53.0,,,53.0
33,years,,,,,,33.0
,,,,41.0,,,41.0
7,,days,,,,,0.019
,,,,41.0,,,41.0
,,,,55.0,,,55.0
38.66027397260274,,years,,,,,38.66
32,years,,,,,,32.0
20,years,,,,,,20.0
74,,years,,,,,74.0
,,,,28.0,,,28.0
,,,,31.0,,,31.0
58,,years,,,,,58.0
,,,,62.0,,,62.0
,,,,50.0,,,50.0
,,,,51.0,,,51.0
36,years,,,,,,36.0
,,,,56.0,,,56.0
,,,,68.0,,,68.0
,,,,60.0,,,60.0
,,,,29.0,,,29.0
,,,,68.0,,,68.0
10.75,years,,,,,,10.75
,,,,65.0,,,65.0
,,,,45.0,,,45.0
2,years,years,,,,,2.0
,,,,34.0,,,34.0
23,years,,,,,,23.0
5,years,years,,,,,5.0
37,,years,,,,,37.0
,,,,26.0,,,26.0
,,,,54.0,,,54.0
21,years,,,,,,21.0
,,,,64.0,,,64.0
7,,days,,,,,0.019
,,,,26.0,,,26.0
23.0,years,,,,,,23.0
,,,,86.0,,,86.0
6.583333333,years,,,,,,6.583
37,,years,,,,,37.0
0.17,years,years,,,,,0.17
,,,,26.0,,,26.0
12.83333333,years,,,,,,12.833
19,years,,,,,,19.0
69,years,,,,,,69.0
,,,,25.0,,,25.0
,,,,26.0,,,26.0
28.0,years,,,,,,28.0
7,,years,,,,,7.0
32.0,years,,,,,,32.0
35,years,,,,,,35.0
30,,days,,,,,0.082
,,,,53.0,,,53.0
,,,,36.0,,,36.0
69,,years,,,,,69.0
,,,,35.0,,,35.0
,,,,68.0,,,68.0
21.0,years,,,,,,21.0
,,,,21.0,,,21.0
,,,,52.0,,,52.0
,,,,,,,1.0
,,,,34.0,,,34.0
,,,,68.0,,,68.0
,,,,48.0,,,48.0
60,years,,,,,,60.0
,,,,55.0,,,55.0
,,,,37.0,,,37.0
,,,,33.0,,,33.0
,,,,42.0,,,42.0
,,,,22.0,,,22.0
,,,,54.0,,,54.0
,,,,,,,5.0
,,,,41.0,,,41.0
,,,,27.0,,,27.0
36,years,years,,,,,36.0
,,,,6.0,,,6.0
67,years,,,,,,67.0
,,,,52.0,,,52.0
46.0,years,,,,,,46.0
13.0,years,,,,,,13.0
,,,,53.0,,,53.0
,,,,65.0,,,65.0
,,,,26.0,,,26.0
,,,,38.0,,,38.0
,,,,64.0,,,64.0
,,,,50.0,,,50.0
20,years,,,,,,20.0
36,,years,,,,,36.0
,,,,75.0,,,75.0
,,,,38.0,,,38.0
,,,,40.0,,,40.0
,,,,64.0,,,64.0
63,,years,,,,,63.0
,,,,52.0,,,52.0
30,years,,,,,,30.0
36,years,years,,,,,36.0
22,years,,,,,,22.0
,,,,39.0,,,39.0
,,,,45.0,,,45.0
39,years,,,,,,39.0
54,years,,,,54,,54.0
33,years,,,,,,33.0
,,,,9.0,,,9.0
31.0,years,,,,,,31.0
,,,,37.0,,,37.0
,,,,14.0,,,14.0
,,,,31.0,,,31.0
2.5863013698630137,,years,,,,,2.586
2,,years,,,,,2.0
,,,,57.0,,,57.0
51,years,,,,,,51.0
,,,,36.0,,,36.0
40.0,years,years,,,,,40.0
31,years,,,,31,,31.0
39.41095890410959,,years,,,,,39.411
,,,,23.0,,,23.0
4.5,years,,,,,,4.5
,,,,,,,51.0
,,,,6.0,,,6.0
39.983561643835614,,years,,,,,39.984
36,,years,,,,,36.0
27,years,,,,,,27.0
,,,,53.0,,,53.0
,,,,61.0,,,61.0
21,years,,,,,,21.0
,,,,84.0,,,84.0
38,,years,,,,,38.0
33,years,,,,,,33.0
,,,,39.0,,,39.0
76,,years,,,,,76.0
,,,,68.0,,,68.0
5.25,years,,,,,,5.25
,,,,52.0,,,52.0
,,,,71.0,,,71.0
21,years,,,,,,21.0
26,years,years,,,,,26.0
19,years,,,,,,19.0
14,years,years,,,,,14.0
1,,years,,,,,1.0
21.0,years,,,,,,21.0
36,years,years,,,,,36.0
,,,,37.0,,,37.0
,,,,48.0,,,48.0
,,,,69.0,,,69.0
24,years,,,,,,24.0
33,years,,,,,,33.0
,,,,6.0,,,6.0
,,,,49.0,,,49.0
,,,,30.0,,,30.0
38.74520547945205,,years,,,,,38.745
,,,,55.0,,,55.0
,,,,52.0,,,52.0
20,years,,,,,,20.0
,,,,26.0,,,26.0
,,,,51.0,,,51.0
,,,,52.0,,,52.0
,,,,39.0,,,39.0
,,,,47.0,,,47.0
34.0,years,,,,,,34.0
,,,,41.0,,,41.0
11.5,years,,,,,,11.5
,,,,19.0,,,19.0
61,years,,,,,,61.0
2.02,years,years,,,,,2.02
22,years,,,,,,22.0
,,,,35.0,,,35.0
,,,,37.0,,,37.0
,,,,49.0,,,49.0
30.0,years,,,,,,30.0
,,,,,,,72.0
,,,,67.0,,,67.0
37.50410958904109,,years,,,,,37.504
,,,,67.0,,,67.0
34,years,years,,,,,34.0
4,,years,,,,,4.0
60,years,,,,,,60.0
36,,years,,,,,36.0
,,,,44.0,,,44.0
,,,,26.0,,,26.0
,,,,37.0,,,37.0
,,,,45.0,,,45.0
10.41666667,years,,,,,,10.417
365,,days,,,,,1.0
,,,,63.0,,,63.0
,,,,38.0,,,38.0
,,,,43.0,,,43.0
23,years,,,,,,23.0
,,,,68.0,,,68.0
20,years,,,,,,20.0
54,years,years,,,,,54.0
,,,,51.0,,,51.0
36,,years,,,,,36.0
,,,,3.0,,,3.0
,,,,50.0,,,50.0
,,,,88.0,,,88.0
35,,years,,,,,35.0
32.95,years,,,,,,32.95
,,,,34.0,,,34.0
,,,,47.0,,,47.0
56,years,,,,,,56.0
,,,,25.0,,,25.0
51,years,,,,,,51.0
30,years,,,,,,30.0
,,,,33.0,,,33.0
19,years,,,,,,19.0
,,,,39.0,,,39.0
,,,,36.0,,,36.0
31.0,years,,,,,,31.0
71,years,,,,,,71.0
38.59178082191781,,years,,,,,38.592
60,,years,,,,,60.0
,,,,,,,57.0
,,,,41.0,,,41.0
37.75342465753425,,years,,,,,37.753
,,,,42.0,,,42.0
66,,years,,,,,66.0
,,,,24.0,,,24.0
,,,,67.0,,,67.0
,,,,3.0,,,3.0
,,,,56.0,,,56.0
31.99,years,,,,,,31.99
39.24931506849315,,years,,,,,39.249
,,,,8.0,,,8.0
78,,years,,,,,78.0
19,years,,,,,,19.0
62,,years,,,,,62.0
23,years,years,,,,,23.0
,,,,66.0,,,66.0
,,,,42.0,,,42.0
,,,,52.0,,,52.0
365,,days,,,,,1.0
,,,,33.0,,,33.0
,,,,46.0,,,46.0
,,,,52.0,,,52.0
22,years,,,,,,22.0
,,,,38.0,,,38.0
25,years,,,,,,25.0
24.0,years,,,,,,24.0
,,,,58.0,,,58.0
36,,years,,,,,36.0
26,years,years,,,,,26.0
16.58333333,years,,,,,,16.583
,,,,63.0,,,63.0
,,,,47.0,,,47.0
26,years,years,,,,,26.0
,,,,18.0,,,18.0
,,,,80.0,,,80.0
23,years,,,,,,23.0
,,,,65.0,,,65.0
63,years,,,,,,63.0
37.49041095890411,,years,,,,,37.49
,,,,5.0,,,5.0
19,years,,,,,,19.0
58,years,,,,,,58.0
75,,years,,,,,75.0
,,,,39.0,,,39.0
,,,,68.0,,,68.0
33,years,,,,,,33.0
40.0,years,,,,,,40.0
,,,,30.0,,,30.0
24,years,,,,,,24.0
7,years,years,,,,,7.0
54,years,,,,,,54.0
9.916666667000001,years,,,,,,9.917
37,years,,,,,,37.0
,,,,61.0,,,61.0
15.83333333,years,,,,,,15.833
32.07,years,,,,,,32.07
8.083333332999999,years,,,,,,8.083
,,,,60.0,,,60.0
,,,,7.0,,,7.0
,,,,68.0,,,68.0
68,,years,,,,,68.0
,,,,21.0,,,21.0
,,,,38.0,,,38.0
1,,years,,,,,1.0
13.41666667,years,,,,,,13.417
,,,,14.0,,,14.0
25,years,,,,,,25.0
77,years,,,,,,77.0
26,years,years,,,,,26.0
,,,,72.0,,,72.0
21,years,,,,,,21.0
,,,,37.0,,,37.0
,,,,66.0,,,66.0
30.0,years,,,,,,30.0
,,,,27.0,,,27.0
20,years,,,,,,20.0
,,,,59.0,,,59.0
75,,years,,,,,75.0
,,,,55.0,,,55.0
,,,,80.0,,,80.0
,,,,40.0,,,40.0
37,,years,,,,,37.0
39.76712328767123,,years,,,,,39.767
26,years,years,,,,,26.0
,,,,45.0,,,45.0
,,,,45.0,,,45.0
,,,,39.0,,,39.0
,,,,45.0,,,45.0
37.47671232876712,,years,,,,,37.477
,,,,69.0,,,69.0
,,,,69.0,,,69.0
,,,,46.0,,,46.0
,,,,20.0,,,20.0
,,,,19.0,,,19.0
75,,years,,,,,75.0
371,days,days,,,,,1.016
43.0,years,,,,,,43.0
,,,,37.0,,,37.0
77,,years,,,,,77.0
,,,,44.0,,,44.0
55,,years,,,,,55.0
1,,years,,,,,1.0
1,,years,,,,,1.0
49,years,years,,,,,49.0
20,years,,,,,,20.0
161,days,days,,,,,0.441
51.0,years,,,,,,51.0
20,years,,,,,,20.0
33,years,,,,,,33.0
,,,,71.0,,,71.0
,,,,36.0,,,36.0
,,,,47.0,,,47.0
,,,,40.0,,,40.0
35,,years,,,,,35.0
,,,,50.0,,,50.0
,,,,67.0,,,67.0
23.0,years,,,,,,23.0
30,years,,,,,,30.0
,,,,54.0,,,54.0
71,,years,,,,,71.0
0.75,years,years,,,,,0.75
,,,,16.0,,,16.0
,,,,83.0,,,83.0
,,,,62.0,,,62.0
,,,,46.0,,,46.0
30.0,years,,,,,,30.0
28,years,years,,,,,28.0
,,,,4.0,,,4.0
,,,,55.0,,,55.0
,,,,20.0,,,20.0
,,,,35.0,,,35.0
,,,,41.0,,,41.0
,,,,48.0,,,48.0
27,,years,,,,27.0,27.0
,,,,65.0,,,65.0
,,,,45.0,,,45.0
22,years,,,,,,22.0
,,,,42.0,,,42.0
68,years,,,,,,68.0
35,,years,,,,,35.0
76,years,,,,,,76.0
,,,,56.0,,,56.0
1,,years,,,,,1.0
,,,,55.0,,,55.0
,,,,60.0,,,60.0
,,,,50.0,,,50.0
,,,,47.0,,,47.0
22,years,,,,,,22.0
68,,years,,,,,68.0
40.04657534246575,,years,,,,,40.047
20,years,,,,,,20.0
,,,,56.0,,,56.0
,,,,54.0,,,54.0
21,years,,,,,,21.0
36,years,years,,,,,36.0
37,,years,,,,,37.0
21,years,,,,,,21.0
,,,,27.0,,,27.0
,,,,43.0,,,43.0
,,,,65.0,,,65.0
26.0,years,,,,,,26.0
37.53972602739726,,years,,,,,37.54
63,,years,,,,,63.0
,,,,5.0,,,5.0
54,,years,,,,,54.0
,,,,,,,44.0
48.0,years,,,,,,48.0
,,,,68.0,,,68.0
,,,,10.0,,,10.0
32.0,years,,,,,,32.0
65,years,,,,,,65.0
,,,,45.0,,,45.0
1,,years,,,,,1.0
,,,,54.0,,,54.0
13.66666667,years,,,,,,13.667
30.0,years,,,,,,30.0
28.0,years,,,,,,28.0
,,,,42.0,,,42.0
,,,,57.0,,,57.0
1,,years,,,,,1.0
55,years,,,,,,55.0
36,years,years,,,,,36.0
27,years,,,,,,27.0
24,years,,,,,,24.0
36,,years,,,,,36.0
36,,years,,,,,36.0
,,,,46.0,,,46.0
19,years,years,,,,,19.0
68,years,,,,,,68.0
,,,,45.0,,,45.0
,,,,40.0,,,40.0
,,,,36.0,,,36.0
48.0,years,,,,,,48.0
82,years,,,,,,82.0
,,,,66.0,,,66.0
,,,,31.0,,,31.0
23.0,years,,,,,,23.0
7,,years,,,,,7.0
,,,,47.0,,,47.0
,,,,46.0,,,46.0
19,years,,,,,,19.0
,,,,10.0,,,10.0
26,years,years,,,,,26.0
,,,,27.0,,,27.0
,,,,30.0,,,30.0
24,years,,,,,,24.0
,,,,41.0,,,41.0
,,,,52.0,,,52.0
,,,,65.0,,,65.0
,,,,57.0,,,57.0
59,,years,,,,,59.0
,,,,32.0,,,32.0
37.986301369863014,,years,,,,,37.986
,,,,,,,2.0
60,,years,,,,,60.0
,,,,54.0,,,54.0
,,,,66.0,,,66.0
,,,,44.0,,,44.0
11.91666667,years,,,,,,11.917
18,years,,,,,,18.0
20,years,,,,,,20.0
29.0,years,,,,,,29.0
,,,,26.0,,,26.0
77,years,,,,77,,77.0
33,years,,,,,,33.0
26,years,years,,,,,26.0
16.08333333,years,,,,,,16.083
,,,,43.0,,,43.0
,,,,16.0,,,16.0
,,,,31.0,,,31.0
26,years,years,,,,,26.0
,,,,40.0,,,40.0
59,years,,,,,,59.0
64,,years,,,,,64.0
,,,,64.0,,,64.0
,,,,40.0,,,40.0
36,,years,,,,,36.0
,,,,22.0,,,22.0
,,,,39.0,,,39.0
37.93424657534246,,years,,,,,37.934
33,years,,,,,,33.0
15.58333333,years,,,,,,15.583
,,,,27.0,,,27.0
37.36986301369863,,years,,,,,37.37
22,years,,,,,,22.0
,,,,,,,7.0
,,,,63.0,,,63.0
11.25,years,,,,,,11.25
,,,,,,,58.0
32.9,years,,,,,,32.9
,,,,65.0,,,65.0
16.25,years,,,,,,16.25
,,,,73.0,,,73.0
,,,,34.0,,,34.0
6.75,years,,,,,,6.75
76,,years,,,,,76.0
,,,,67.0,,,67.0
,,,,59.0,,,59.0
,,,,32.0,,,32.0
,,,,60.0,,,60.0
,,,,54.0,,,54.0
25,years,,,,,,25.0
60,years,,,,,,60.0
,,,,68.0,,,68.0
65,,years,,,,,65.0
56,years,,,,,,56.0
,,,,24.0,,,24.0
20,years,,,,,,20.0
23,years,,,,,,23.0
,,,,,,,2.0
,,,,35.0,,,35.0
,,,,10.0,,,10.0
,,,,61.0,,,61.0
69,years,,,,,,69.0
,,,,68.0,,,68.0
,,,,71.0,,,71.0
,,,,35.0,,,35.0
,,,,68.0,,,68.0
32.32,years,,,,,,32.32
66,,years,,,,,66.0
1,,years,,,,,1.0
37.73150684931507,,years,,,,,37.732
,,,,38.0,,,38.0
,,,,48.0,,,48.0
,,,,64.0,,,64.0
,,,,71.0,,,71.0
2,,years,,,,,2.0
1,,years,,,,,1.0
,,,,59.0,,,59.0
32.51,years,,,,,,32.51
58,,years,,,,,58.0
,,,,55.0,,,55.0
37,,years,,,,,37.0
,,,,58.0,,,58.0
,,,,29.0,,,29.0
33.42,years,,,,,,33.42
38.85479452054795,,years,,,,,38.855
,,,,37.0,,,37.0
,,,,67.0,,,67.0
,,,,53.0,,,53.0
1.5,years,years,,,,,1.5
,,,,19.0,,,19.0
,,,,57.0,,,57.0
,,,,53.0,,,53.0
0.39,years,years,,,,,0.39
30.0,years,,,,,,30.0
,,,,64.0,,,64.0
,,,,29.0,,,29.0
36,,years,,,,,36.0
,,,,32.0,,,32.0
,,,,46.0,,,46.0
21,years,,,,,,21.0
63,years,,,,,,63.0
59,years,,,,,,59.0
,,,,80.0,,,80.0
,,,,43.0,,,43.0
0,,years,,,,,0.0
,,,,51.0,,,51.0
,,,,44.0,,,44.0
37.83561643835616,,years,,,,,37.836
,,,,71.0,,,71.0
,,,,39.0,,,39.0
,,,,67.0,,,67.0
36,,years,,,,,36.0
60,years,,,,,,60.0
42,years,,,,,,42.0
,,,,64.0,,,64.0
7,,days,,,,,0.019
,,,,46.0,,,46.0
39.16438356164384,,years,,,,,39.164
16.66666667,years,,,,,,16.667
51.0,years,,,,,,51.0
64,,years,,,,,64.0
72,years,,,,,,72.0
44,,years,,,,,44.0
,,,,64.0,,,64.0
,,,,37.0,,,37.0
63,years,,,,,,63.0
,,,,5.0,,,5.0
59,years,,,,,,59.0
18,years,,,,,,18.0
,,,,25.0,,,25.0
,,,,62.0,,,62.0
,,,,48.0,,,48.0
,,,,28.0,,,28.0
1,,years,,,,,1.0
,,,,37.0,,,37.0
,,,,56.0,,,56.0
,,,,35.0,,,35.0
90,,days,,,,,0.247
,,,,45.0,,,45.0
23,years,,,,,,23.0
,,,,40.0,,,40.0
15,years,,,,,,15.0
36,years,years,,,,,36.0
36,,years,,,,,36.0
,,,,45.0,,,45.0
32.0,years,,,,,,32.0
,,,,57.0,,,57.0
1.89,years,years,,,,,1.89
,,,,26.0,,,26.0
,,,,35.0,,,35.0
68,years,,,,,,68.0
37.4,,years,,,,,37.4
36,,years,,,,36.0,36.0
,,,,42.0,,,42.0
,,,,57.0,,,57.0
30,years,,,,,,30.0
33,years,,,,,,33.0
,,,,38.0,,,38.0
,,,,42.0,,,42.0
37.78356164383562,,years,,,,,37.784
1,,years,,,,,1.0
23.0,years,,,,,,23.0
35,,years,,,,,35.0
,,,,28.0,,,28.0
31,years,,,,,,31.0
35,years,years,,,,,35.0
36,,years,,,,,36.0
14,years,years,,,,,14.0
,,,,28.0,,,28.0
42,years,,,,,,42.0
50,years,years,,,,,50.0
,,,,45.0,,,45.0
11,years,,,,,,11.0
,,,,20.0,,,20.0
,,,,52.0,,,52.0
40.04383561643836,,years,,,,,40.044
4,years,years,,,,,4.0
23,years,,,,,,23.0
,,,,26.0,,,26.0
35.6,years,,,,,,35.6
35.0,years,,,,,,35.0
36,years,years,,,,,36.0
21,years,,,,,,21.0
,,,,24.0,,,24.0
,,,,66.0,,,66.0
36,,years,,,,,36.0
39,years,,,,,,39.0
63,,years,,,,,63.0
,,,,60.0,,,60.0
,,,,37.0,,,37.0
,,,,61.0,,,61.0
11,years,years,,,,,11.0
71,years,,,,,,71.0
,,,,66.0,,,66.0
16.5,years,,,,,,16.5
,,,,14.0,,,14.0
20,years,,,,,,20.0
,,,,65.0,,,65.0
,,,,24.0,,,24.0
,,,,38.0,,,38.0
,,,,53.0,,,53.0
54,,years,,,,,54.0
30,years,,,,,,30.0
,,,,60.0,,,60.0
37,,years,,,,,37.0
26,years,years,,,,,26.0
16.58333333,years,,,,,,16.583
,,,,32.0,,,32.0
,,,,57.0,,,57.0
,,,,43.0,,,43.0
,,,,53.0,,,53.0
,,,,23.0,,,23.0
,,,,44.0,,,44.0
37.51780821917808,,years,,,,,37.518
,,,,17.0,,,17.0
60,years,,,,,,60.0
20,years,,,,,,20.0
14.08333333,years,,,,,,14.083
23.0,years,,,,,,23.0
,,,,66.0,,,66.0
26.0,years,,,,,,26.0
,,,,56.0,,,56.0
26,years,years,,,,,26.0
,,,,36.0,,,36.0
16.66666667,years,,,,,,16.667
,,,,41.0,,,41.0
,,,,48.0,,,48.0
,,,,53.0,,,53.0
,,,,65.0,,,65.0
0,,years,,,,,0.0
,,,,23.0,,,23.0
,,,,34.0,,,34.0
10.41666667,years,,,,,,10.417
,,,,38.0,,,38.0
,,,,,,,2.0
,,,,34.0,,,34.0
20,years,,,,,,20.0
37.608219178082194,,years,,,,,37.608
24,years,,,,,,24.0
,,,,24.0,,,24.0
,,,,58.0,,,58.0
,,,,50.0,,,50.0
,,,,31.0,,,31.0
11.83333333,years,,,,,,11.833
,,,,35.0,,,35.0
1,,years,,,,,1.0
,,,,29.0,,,29.0
39.961643835616435,,years,,,,,39.962
21,years,,,,,,21.0
,,,,22.0,,,22.0
14,years,years,,,,,14.0
22,years,,,,,,22.0
31,years,,,,,,31.0
,,,,61.0,,,61.0
7,,days,,,,,0.019
21,years,,,,,,21.0
,,,,20.0,,,20.0
36,,years,,,,,36.0
,,,,61.0,,,61.0
,,,,24.0,,,24.0
,,,,57.0,,,57.0
61,,years,,,,,61.0
58,years,,,,,,58.0
,,,,32.0,,,32.0
38.92054794520548,,years,,,,,38.921
1,,years,,,,,1.0
22.0,years,,,,,,22.0
,,,,61.0,,,61.0
,,,,55.0,,,55.0
,,,,18.0,,,18.0
,,,,39.0,,,39.0
,,,,37.0,,,37.0
,,,,46.0,,,46.0
37.75342465753425,,years,,,,,37.753
,,,,44.0,,,44.0
,,,,11.0,,,11.0
,,,,56.0,,,56.0
4,years,years,,,,,4.0
,,,,64.0,,,64.0
,,,,14.0,,,14.0
36,,years,,,,,36.0
18,years,,,,,,18.0
,,,,52.0,,,52.0
31,years,,,,,,31.0
,,,,50.0,,,50.0
,,,,26.0,,,26.0
15.5,years,,,,,,15.5
,,,,67.0,,,67.0
36,,years,,,,,36.0
,,,,61.0,,,61.0
,,,,20.0,,,20.0
,,,,61.0,,,61.0
57.0,years,,,,,,57.0
,,,,72.0,,,72.0
51,,years,,,,,51.0
25.0,years,,,,,,25.0
,,,,58.0,,,58.0
62,,years,,,,,62.0
11.58333333,years,,,,,,11.583
,,,,19.0,,,19.0
,,,,32.0,,,32.0
30,years,,,,,,30.0
,,,,,,,9.0
33,years,,,,,,33.0
36,,years,,,,,36.0
,,,,47.0,,,47.0
,,,,56.0,,,56.0
38.821917808219176,,years,,,,,38.822
30,years,,,,,,30.0
,,,,46.0,,,46.0
22,years,,,,,,22.0
,,,,26.0,,,26.0
32.96,years,,,,,,32.96
,,,,38.0,,,38.0
18,years,,,,,,18.0
,,,,42.0,,,42.0
26,years,years,,,,,26.0
59,years,,,,,,59.0
,,,,10.0,,,10.0
39.221917808219175,,years,,,,,39.222
,,,,50.0,,,50.0
,,,,57.0,,,57.0
,,,,6.0,,,6.0
33.45,years,,,,,,33.45
38.76712328767123,,years,,,,,38.767
,,,,43.0,,,43.0
72,,years,,,,,72.0
,,,,51.0,,,51.0
,,,,61.0,,,61.0
28,years,,,,,,28.0
,,,,23.0,,,23.0
31.0,years,,,,,,31.0
65,,years,,,,,65.0
57,,years,,,,,57.0
,,,,33.0,,,33.0
76,,years,,,,,76.0
24,years,,,,,,24.0
63,,years,,,,,63.0
90,,days,,,,,0.247
,,,,70.0,,,70.0
,,,,4.0,,,4.0
32.71,years,,,,,,32.71
49,years,,,,,,49.0
,,,,58.0,,,58.0
37.9972602739726,,years,,,,,37.997
26,years,years,,,,,26.0
,,,,66.0,,,66.0
,,,,17.0,,,17.0
,,,,67.0,,,67.0
46,years,years,,,,,46.0
23.0,years,,,,,,23.0
11.75,years,,,,,,11.75
24.0,years,,,,,,24.0
10.0,years,,,,,,10.0
21,years,,,,,,21.0
37.43287671232877,,years,,,,,37.433
,,,,50.0,,,50.0
44,years,,,,44,,44.0
,,,,34.0,,,34.0
,,,,37.0,,,37.0
,,,,53.0,,,53.0
,,,,37.0,,,37.0
,,,,33.0,,,33.0
65,,years,,,,,65.0
,,,,46.0,,,46.0
,,,,47.0,,,47.0
31,years,,,,,,31.0
5,years,,,,5,,5.0
,,,,19.0,,,19.0
,,,,53.0,,,53.0
,,,,57.0,,,57.0
13.41666667,years,,,,,,13.417
27,years,years,,,,,27.0
69,,years,,,,,69.0
,,,,68.0,,,68.0
37,,years,,,,,37.0
20,years,,,,,,20.0
,,,,59.0,,,59.0
,,,,25.0,,,25.0
,,,,44.0,,,44.0
15,years,,,,,,15.0
,,,,44.0,,,44.0
36,,years,,,,,36.0
,,,,40.0,,,40.0
,,,,38.0,,,38.0
,,,,31.0,,,31.0
37.657534246575345,,years,,,,,37.658
26,years,years,,,,,26.0
,,,,35.0,,,35.0
,,,,50.0,,,50.0
,,,,47.0,,,47.0
,,,,54.0,,,54.0
,,,,46.0,,,46.0
,,,,71.0,,,71.0
,,,,25.0,,,25.0
10.75,years,,,,,,10.75
37,years,,,,,,37.0
37,,years,,,,,37.0
15.41666667,years,,,,,,15.417
,,,,66.0,,,66.0
,,,,29.0,,,29.0
,,,,10.0,,,10.0
,,,,48.0,,,48.0
,,,,29.0,,,29.0
,,,,73.0,,,73.0
33.56,years,,,,,,33.56
,,,,68.0,,,68.0
,,,,61.0,,,61.0
,,,,57.0,,,57.0
,,,,40.0,,,40.0
,,,,54.0,,,54.0
,,,,51.0,,,51.0
,,,,5.0,,,5.0
15,years,,,,,,15.0
,,,,45.0,,,45.0
,,,,12.0,,,12.0
59.0,years,years,,,,,59.0
,,,,63.0,,,63.0
77,years,,,,,,77.0
,,,,46.0,,,46.0
,,,,10.0,,,10.0
,,,,40.0,,,40.0
,,,,57.0,,,57.0
60,years,,,,,,60.0
,,,,4.0,,,4.0
33.17,years,,,,,,33.17
,,,,70.0,,,70.0
,,,,44.0,,,44.0
23,years,,,,,,23.0
68,years,,,,,,68.0
,,,,67.0,,,67.0
30.0,years,,,,,,30.0
28.0,years,,,,,,28.0
,,,,25.0,,,25.0
,,,,37.0,,,37.0
,,,,5.0,,,5.0
,,,,49.0,,,49.0
37,,years,,,,,37.0
60,years,,,,,,60.0
7.916666667,years,,,,,,7.917
,,,,46.0,,,46.0
,,,,63.0,,,63.0
1,,years,,,,,1.0
,,,,44.0,,,44.0
29.0,years,,,,,,29.0
,,,,27.0,,,27.0
,,,,65.0,,,65.0
,,,,67.0,,,67.0
36,years,years,,,,,36.0
33.28,years,,,,,,33.28
,,,,79.0,,,79.0
,,,,65.0,,,65.0
15.83333333,years,,,,,,15.833
35.0,years,,,,,,35.0
,,,,29.0,,,29.0
37.25205479452055,,years,,,,,37.252
22,years,,,,,,22.0
,,,,45.0,,,45.0
,,,,5.0,,,5.0
24,years,years,,,,,24.0
31,years,,,,,,31.0
33,years,,,,,,33.0
9.083333333,years,,,,,,9.083
0.94,years,years,,,,,0.94
,,,,72.0,,,72.0
,,,,64.0,,,64.0
61.0,years,years,,,,,61.0
,,,,,,,20.0
,,,,70.0,,,70.0
,,,,46.0,,,46.0
,,,,52.0,,,52.0
29,years,,,,,,29.0
16.25,years,,,,,,16.25
11.83333333,years,,,,,,11.833
,,,,60.0,,,60.0
28,years,,,,,,28.0
,,,,41.0,,,41.0
33,years,,,,,,33.0
,,,,46.0,,,46.0
,,,,75.0,,,75.0
32.61,years,,,,,,32.61
,,,,34.0,,,34.0
,,,,28.0,,,28.0
,,,,52.0,,,52.0
22,years,,,,,,22.0
20,years,,,,,,20.0
,,,,4.0,,,4.0
,,,,65.0,,,65.0
21,years,,,,,,21.0
,,,,55.0,,,55.0
,,,,62.0,,,62.0
61,years,,,,,,61.0
,,,,63.0,,,63.0
,,,,54.0,,,54.0
,,,,68.0,,,68.0
25,years,,,,,,25.0
,,,,62.0,,,62.0
49,years,,,,,,49.0
,,,,69.0,,,69.0
,,,,60.0,,,60.0
49,,years,,,,,49.0
,,,,56.0,,,56.0
16.5,years,,,,,,16.5
,,,,,,,37.0
,,,,39.0,,,39.0
,,,,60.0,,,60.0
,,,,19.0,,,19.0
,,,,45.0,,,45.0
26,years,years,,,,,26.0
,,,,64.0,,,64.0
5.333333333,years,,,,,,5.333
20,years,,,,,,20.0
,,,,60.0,,,60.0
38.68219178082192,,years,,,,,38.682
,,,,41.0,,,41.0
,,,,27.0,,,27.0
,,,,58.0,,,58.0
,,,,64.0,,,64.0
54.0,years,,,,,,54.0
,,,,23.0,,,23.0
22,years,,,,,,22.0
69,years,,,,69,,69.0
78,years,,,,78,,78.0
,,,,73.0,,,73.0
,,,,56.0,,,56.0
,,,,27.0,,,27.0
,,,,40.0,,,40.0
,,,,35.0,,,35.0
,,,,40.0,,,40.0
,,,,38.0,,,38.0
36,,years,,,,,36.0
1,,years,,,,,1.0
42,years,years,,,,,42.0
,,,,68.0,,,68.0
,,,,62.0,,,62.0
55,,years,,,,,55.0
5,,years,,,,,5.0
24,years,,,,,,24.0
,,,,60.0,,,60.0
,,,,6.0,,,6.0
,,,,29.0,,,29.0
,,,,43.0,,,43.0
1,,years,,,,,1.0
,,,,6.0,,,6.0
,,,,60.0,,,60.0
,,,,62.0,,,62.0
58,,years,,,,,58.0
,,,,34.0,,,34.0
,,,,35.0,,,35.0
39,years,,,,39,,39.0
,,,,72.0,,,72.0
20,years,,,,,,20.0
23.0,years,,,,,,23.0
39.29041095890411,,years,,,,,39.29
46.0,years,,,,,,46.0
24.0,years,,,,,,24.0
,,,,38.0,,,38.0
62,,years,,,,,62.0
,,,,34.0,,,34.0
,,,,40.0,,,40.0
,,,,26.0,,,26.0
,,,,44.0,,,44.0
,,,,27.0,,,27.0
,,,,18.0,,,18.0
53,years,years,,,,,53.0
10.83333333,years,,,,,,10.833
32.0,years,,,,,,32.0
16.72,years,years,,,,,16.72
,,,,,,,57.0
,,,,60.0,,,60.0
,,,,25.0,,,25.0
39.11780821917808,,years,,,,,39.118
23.0,years,,,,,,23.0
,,,,71.0,,,71.0
72,years,,,,,,72.0
29.0,years,,,,,,29.0
4,,years,,,,,4.0
,,,,69.0,,,69.0
37.81917808219178,,years,,,,,37.819
,,,,55.0,,,55.0
37.23287671232877,,years,,,,,37.233
,,,,53.0,,,53.0
37.35890410958904,,years,,,,,37.359
,,,,28.0,,,28.0
,,,,36.0,,,36.0
38.06027397260274,,years,,,,,38.06
,,,,6.0,,,6.0
,,,,38.0,,,38.0
26,years,,,,,,26.0
,,,,24.0,,,24.0
20,years,,,,,,20.0
,,,,66.0,,,66.0
,,,,41.0,,,41.0
54.0,years,,,,,,54.0
12.83333333,years,,,,,,12.833
,,,,68.0,,,68.0
2,years,,,,2,,2.0
36,,years,,,,,36.0
26,years,,,,,,26.0
10.33333333,years,,,,,,10.333
61.0,years,years,,,,,61.0
,,,,,,,1.0
,,,,28.0,,,28.0
70,,years,,,,,70.0
,,,,48.0,,,48.0
87.0,years,years,,,,,87.0
26,years,years,,,,,26.0
60,years,,,,,,60.0
46,,years,,,,,46.0
,,,,,,,0.0
18,years,,,,,,18.0
,,,,21.0,,,21.0
72,years,,,,,,72.0
36,,years,,,,,36.0
,,,,17.0,,,17.0
,,,,54.0,,,54.0
21.0,years,,,,,,21.0
55,years,,,,,,55.0
,,,,46.0,,,46.0
,,,,40.0,,,40.0
32.0,years,,,,,,32.0
,,,,47.0,,,47.0
,,,,38.0,,,38.0
21,years,,,,,,21.0
,,,,54.0,,,54.0
36,,years,,,,,36.0
53,,years,,,,,53.0
,,,,28.0,,,28.0
,,,,33.0,,,33.0
,,,,55.0,,,55.0
,,,,21.0,,,21.0
,,,,59.0,,,59.0
,,,,37.0,,,37.0
,,,,27.0,,,27.0
,,,,34.0,,,34.0
37.93150684931507,,years,,,,,37.932
,,,,69.0,,,69.0
,,,,54.0,,,54.0
,,,,44.0,,,44.0
32.54,years,,,,,,32.54
,,,,71.0,,,71.0
,,,,20.0,,,20.0
63,years,,,,,,63.0
,,,,6.0,,,6.0
32.61,years,,,,,,32.61
,,,,45.0,,,45.0
,,,,61.0,,,61.0
,,,,43.0,,,43.0
0,,years,,,,,0.0
,,,,53.0,,,53.0
13.66666667,years,,,,,,13.667
,,,,45.0,,,45.0
75,years,,,,,,75.0
,,,,30.0,,,30.0
,,,,52.0,,,52.0
,,,,,,,46.0
35.0,years,,,,,,35.0
20,years,,,,,,20.0
36,years,years,,,,,36.0
19,years,,,,,,19.0
,,,,,,,63.0
,,,,42.0,,,42.0
26,years,years,,,,,26.0
,,,,6.0,,,6.0
63,years,,,,,,63.0
32.1,years,,,,,,32.1
,,,,66.0,,,66.0
,,,,46.0,,,46.0
,,,,75.0,,,75.0
,,,,34.0,,,34.0
2,years,years,,,,,2.0
,,,,68.0,,,68.0
,,,,65.0,,,65.0
4,years,,,,4,,4.0
,,,,4.0,,,4.0
37,,years,,,,,37.0
26,years,years,,,,,26.0
60,years,,,,,,60.0
37.23561643835617,,years,,,,,37.236
,,,,65.0,,,65.0
29.0,years,,,,,,29.0
,,,,59.0,,,59.0
,,,,54.0,,,54.0
,,,,9.0,,,9.0
,,,,9.0,,,9.0
,,,,64.0,,,64.0
,,,,39.0,,,39.0
,,,,35.0,,,35.0
,,,,15.0,,,15.0
33,years,,,,,,33.0
36,,years,,,,,36.0
,,,,54.0,,,54.0
,,,,48.0,,,48.0
,,,,68.0,,,68.0
13.58333333,years,,,,,,13.583
,,,,33.0,,,33.0
24.0,years,,,,,,24.0
46,years,years,,,,,46.0
27,years,,,,,,27.0
,,,,37.0,,,37.0
,,,,33.0,,,33.0
,,,,42.0,,,42.0
,,,,6.0,,,6.0
,,,,85.0,,,85.0
,,,,17.0,,,17.0
11.83333333,years,,,,,,11.833
,,,,71.0,,,71.0
,,,,63.0,,,63.0
,,,,62.0,,,62.0
,,,,55.0,,,55.0
50,,years,,,,,50.0
,,,,73.0,,,73.0
,,,,27.0,,,27.0
,,,,56.0,,,56.0
68,years,,,,,,68.0
,,,,27.0,,,27.0
22.0,years,,,,,,22.0
70,,years,,,,,70.0
37.0,years,,,,,,37.0
75,,years,,,,,75.0
18,years,,,,,,18.0
32.69,years,,,,,,32.69
11,years,years,,,,,11.0
,,,,42.0,,,42.0
14.66666667,years,,,,,,14.667
61,years,,,,,,61.0
,,,,42.0,,,42.0
,,,,39.0,,,39.0
,,,,39.0,,,39.0
,,,,33.0,,,33.0
64.0,years,years,,,,,64.0
,,,,4.0,,,4.0
,,,,20.0,,,20.0
,,,,53.0,,,53.0
39.83835616438356,,years,,,,,39.838
43,,years,,,,,43.0
,,,,33.0,,,33.0
,,,,26.0,,,26.0
,,,,24.0,,,24.0
39.93698630136986,,years,,,,,39.937
10.25,years,,,,,,10.25
,,,,72.0,,,72.0
,,,,69.0,,,69.0
,,,,67.0,,,67.0
22,years,,,,,,22.0
28,years,,,,,,28.0
,,,,58.0,,,58.0
30,years,,,,,,30.0
14.08333333,years,,,,,,14.083
,,,,44.0,,,44.0
,,,,45.0,,,45.0
28,years,,,,,,28.0
,,,,70.0,,,70.0
,,,,62.0,,,62.0
32.0,years,,,,,,32.0
1,,years,,,,,1.0
21,years,,,,,,21.0
11.58333333,years,,,,,,11.583
16,years,years,,,,,16.0
32.0,years,,,,,,32.0
34,years,,,,34,,34.0
,,,,47.0,,,47.0
,,,,60.0,,,60.0
16,years,years,,,,,16.0
22,years,,,,,,22.0
66,years,,,,,,66.0
,,,,,,,2.0
38.78356164383562,,years,,,,,38.784
21,years,,,,,,21.0
55,years,,,,,,55.0
48.0,years,,,,,,48.0
,,,,34.0,,,34.0
70,,years,,,,,70.0
,,,,20.0,,,20.0
,,,,63.0,,,63.0
,,,,51.0,,,51.0
,,,,43.0,,,43.0
27.0,years,,,,,,27.0
12.66666667,years,,,,,,12.667
,,,,64.0,,,64.0
37,,years,,,,,37.0
,,,,,,,2.0
38.97534246575343,,years,,,,,38.975
,,,,62.0,,,62.0
,,,,43.0,,,43.0
,,,,45.0,,,45.0
,,,,42.0,,,42.0
1,,years,,,,,1.0
,,,,15.0,,,15.0
19,years,,,,,,19.0
37,years,,,,,,37.0
,,,,29.0,,,29.0
,,,,73.0,,,73.0
35,,years,,,,,35.0
58.0,years,years,,,,,58.0
36,,years,,,,,36.0
,,,,37.0,,,37.0
10.0,days,,10.0,,,,0.027
,,,,49.0,,,49.0
27,years,,,,,,27.0
32.26,years,,,,,,32.26
,,,,43.0,,,43.0
5.916666667,years,,,,,,5.917
37.8054794520548,,years,,,,,37.805
73,,years,,,,,73.0
,,,,55.0,,,55.0
,,,,50.0,,,50.0
39,years,,,,,,39.0
,,,,37.0,,,37.0
,,,,50.0,,,50.0
12.16666667,years,,,,,,12.167
,,,,36.0,,,36.0
,,,,62.0,,,62.0
,,,,,,,2.0
,,,,25.0,,,25.0
51,years,,,,,,51.0
,,,,50.0,,,50.0
,,,,48.0,,,48.0
,,,,49.0,,,49.0
68,,years,,,,,68.0
2.05,years,years,,,,,2.05
37,years,,,,,,37.0
,,,,47.0,,,47.0
,,,,62.0,,,62.0
,,,,33.0,,,33.0
,,,,66.0,,,66.0
,,,,,,,6.0
73,,years,,,,,73.0
61,,years,,,,,61.0
,,,,42.0,,,42.0
,,,,51.0,,,51.0
31.96,years,,,,,,31.96
,,,,35.0,,,35.0
37.26849315068493,,years,,,,,37.268
,,,,29.0,,,29.0
23.0,years,,,,,,23.0
36,years,years,,,,,36.0
,,,,51.0,,,51.0
,,,,42.0,,,42.0
,,,,32.0,,,32.0
,,,,48.0,,,48.0
37.52876712328767,,years,,,,,37.529
54.0,years,,,,,,54.0
,,,,69.0,,,69.0
31.97,years,,,,,,31.97
,,,,60.0,,,60.0
2.45,years,,,,,,2.45
,,,,59.0,,,59.0
26,years,years,,,,,26.0
,,,,42.0,,,42.0
,,,,25.0,,,25.0
26,years,years,,,,,26.0
30,,days,,,,,0.082
,,,,62.0,,,62.0
,,,,64.0,,,64.0
30.0,years,,,,,,30.0
,,,,37.0,,,37.0
21.0,years,,,,,,21.0
37,,years,,,,,37.0
8.75,years,,,,,,8.75
14,years,years,,,,,14.0
,,,,46.0,,,46.0
,,,,22.0,,,22.0
37,,years,,,,,37.0
,,,,58.0,,,58.0
,,,,41.0,,,41.0
,,,,55.0,,,55.0
26,years,,,,,,26.0
,,,,37.0,,,37.0
33,,years,,,,33.0,33.0
1,,years,,,,,1.0
75,,years,,,,,75.0
,,,,45.0,,,45.0
,,,,44.0,,,44.0
,,,,47.0,,,47.0
365,,days,,,,,1.0
,,,,67.0,,,67.0
,,,,87.0,,,87.0
,,,,30.0,,,30.0
1,,years,,,,,1.0
9,years,years,,,,,9.0
51,years,,,,,,51.0
40,,years,,,,,40.0
80,,years,,,,,80.0
48,years,,,,,,48.0
29,years,,,,,,29.0
,,,,69.0,,,69.0
,,,,63.0,,,63.0
,,,,51.0,,,51.0
,,,,48.0,,,48.0
,,,,68.0,,,68.0
,,,,37.0,,,37.0
,,,,33.0,,,33.0
,,,,49.0,,,49.0
,,,,37.0,,,37.0
,,,,35.0,,,35.0
,,,,68.0,,,68.0
,,,,19.0,,,19.0
,,,,45.0,,,45.0
,,,,66.0,,,66.0
63,,years,,,,,63.0
37,,years,,,,,37.0
83,years,,,,,,83.0
,,,,37.0,,,37.0
32.37,years,,,,,,32.37
,,,,44.0,,,44.0
31.0,years,,,,,,31.0
,,,,28.0,,,28.0
,,,,25.0,,,25.0
,,,,42.0,,,42.0
49,,years,,,,,49.0
26,years,years,,,,,26.0
7,,years,,,,,7.0
38.635616438356166,,years,,,,,38.636
,,,,67.0,,,67.0
22,,years,,,,,22.0
,,,,72.0,,,72.0
,,,,32.0,,,32.0
2.72,years,,,,,,2.72
,,,,65.0,,,65.0
23,years,,,,,,23.0
20,years,,,,,,20.0
,,,,57.0,,,57.0
,,,,44.0,,,44.0
,,,,40.0,,,40.0
,,,,52.0,,,52.0
36,,years,,,,,36.0
,,,,24.0,,,24.0
31.94,years,,,,,,31.94
5,years,years,,,,,5.0
,,,,32.0,,,32.0
,,,,46.0,,,46.0
,,,,43.0,,,43.0
31,years,,,,,,31.0
60,years,,,,,,60.0
,,,,55.0,,,55.0
7,,days,,,,,0.019
61,years,,,,,,61.0
20,years,,,,,,20.0
,,,,59.0,,,59.0
,,,,6.0,,,6.0
,,,,26.0,,,26.0
66,years,,,,,,66.0
15.75,years,,,,,,15.75
58,,years,,,,,58.0
46,years,years,,,,,46.0
,,,,51.0,,,51.0
,,,,73.0,,,73.0
27.0,years,,,,,,27.0
34,years,,,,,,34.0
37.76986301369863,,years,,,,,37.77
,,,,10.0,,,10.0
,,,,56.0,,,56.0
54,,years,,,,,54.0
21,years,,,,,,21.0
8.166666667000001,years,,,,,,8.167
,,,,48.0,,,48.0
